X0	X1	Y_true	Y_pred	
1.52513	3.51013	5.3534	7.12917
1.01428	2.54118	2.57746	5.28473
4.46946	2.36196	10.5567	9.31629
4.84537	4.62387	22.4043	20.5896
4.80194	3.35143	16.0934	16.0208
2.1847	3.82622	8.35914	9.75943
2.79543	2.54578	7.11655	6.56501
2.59279	3.90531	10.1257	11.3899
2.62519	1.08532	2.84917	5.07232
4.59049	1.67888	7.70689	8.27931
4.18072	2.86982	11.9979	10.7754
1.81172	4.33056	7.84577	11.2376
2.97188	4.70772	13.9908	17.5967
3.63376	2.2363	8.12618	7.00869
1.48441	3.24724	4.82022	6.44263
4.34731	4.15013	18.0419	18.5366
1.54796	3.57512	5.53414	7.3551
1.91551	2.2286	4.26889	5.42714
3.26665	2.4667	8.05784	7.03787
3.00781	2.85633	8.59131	7.75897
1.94481	3.87806	7.5421	9.35803
4.71165	4.63992	21.8617	20.4541
3.59161	1.80519	6.48353	6.09921
4.2817	2.014	8.62333	7.71431
3.38627	3.81089	12.9047	13.665
2.31166	3.6647	8.47154	9.35412
4.58183	4.48741	20.5606	19.9053
3.17577	4.16768	13.2356	15.2362
1.81794	4.38522	7.97205	11.5672
4.86785	1.18954	5.79052	9.2473
1.49165	3.3182	4.94959	6.60242
3.61109	2.04412	7.38148	6.53427
2.75543	4.65458	12.8254	16.7082
2.0417	2.51957	5.14422	5.78916
2.43376	2.7879	6.78506	6.63685
4.25652	2.68728	11.4384	10.093
1.81505	2.16486	3.92935	5.3395
4.44519	1.68933	7.50939	7.72563
1.14386	2.01808	2.30841	5.08544
4.76943	4.11302	19.6168	19.1813
2.23097	4.06346	9.06546	11.1037
3.00646	2.68199	8.06328	7.21415
4.18387	1.1115	4.65036	6.98109
3.45542	3.76673	13.0156	13.6375
1.31776	3.86749	5.09641	7.86859
4.73178	1.35222	6.39839	8.84474
2.2163	3.21646	7.12862	7.4416
2.59784	1.05826	2.74919	5.05973
4.21154	4.86351	20.4829	20.3035
2.37047	1.88187	4.46091	5.36633
2.75691	4.7394	13.0661	17.1562
4.35406	3.46117	15.0701	15.0794
3.91593	3.95172	15.4747	16.5379
4.49085	2.96515	13.316	12.3622
3.68423	2.52469	9.30152	7.97787
4.26146	3.55935	15.168	15.3696
2.7057	3.6834	9.96618	10.5446
1.22425	4.31089	5.27762	9.42783
1.16339	4.36659	5.08004	9.52111
4.71817	4.77756	22.5414	20.7636
3.99171	4.73612	18.9052	19.6672
4.10858	1.96306	8.06539	7.18836
4.31077	1.70034	7.32978	7.28473
4.20157	3.71882	15.6249	16.1464
1.45798	4.59453	6.69876	11.572
1.92051	4.42491	8.49808	12.1541
4.51034	1.49234	6.73095	7.94582
3.05717	4.84942	14.8255	18.3686
3.21252	1.24397	3.99628	5.32422
1.28067	4.27095	5.46967	9.39499
1.59092	1.26896	2.01882	4.9687
1.29144	3.90158	5.03866	7.93429
2.1267	3.14375	6.68581	7.07979
1.80392	1.6335	2.94671	5.08471
2.72341	3.79127	10.3252	11.1755
2.78594	3.0059	8.37428	7.83013
3.01291	4.39782	13.2502	16.0901
1.89923	2.26654	4.30468	5.44975
1.12308	2.07593	2.33143	5.10079
2.86662	4.38787	12.5784	15.5019
4.62826	4.43022	20.5042	19.8272
1.07718	3.15138	3.39461	5.8845
3.66481	4.85714	17.8005	19.4841
4.69079	4.77626	22.4044	20.7279
4.40022	1.17171	5.15577	7.73814
1.68912	3.34649	5.65262	6.94496
2.5877	2.77588	7.18317	6.81855
1.68867	4.9804	8.41028	14.9158
3.18694	2.52569	8.04921	7.07126
2.35195	1.40492	3.30431	5.11701
4.75811	4.33348	20.6192	19.7684
3.85296	3.83072	14.7596	15.5921
2.64741	4.67247	12.3699	16.4588
1.32468	4.89538	6.48483	12.9421
3.4455	2.22835	7.67779	6.7092
4.73747	2.39093	11.327	10.3298
1.25414	3.0892	3.8743	5.94092
2.53727	4.32017	10.9614	13.7824
4.72419	4.45453	21.0441	20.0276
2.61939	3.52862	9.24283	9.54582
1.94317	1.97193	3.83178	5.26667
3.08565	2.31501	7.1433	6.4357
4.0033	4.91595	19.68	20.1401
1.31406	2.76663	3.63553	5.59455
1.87516	4.69389	8.80179	13.7167
3.23792	1.1717	3.79387	5.30764
3.27233	1.34676	4.40703	5.40895
4.54802	2.68521	12.2124	10.9988
2.16152	4.28634	9.265	12.1604
3.04525	2.32501	7.08023	6.40834
3.24335	1.70508	5.53016	5.67298
4.91419	2.87819	14.144	13.4577
3.73576	3.00161	11.2133	10.1184
2.67878	1.84857	4.95189	5.47943
1.84714	1.09698	2.02628	4.96527
2.91435	4.34825	12.6723	15.4251
4.53126	3.75838	17.0302	17.379
2.88096	2.13316	6.14553	5.92341
3.0147	1.80638	5.44568	5.62701
1.52762	4.52405	6.91105	11.4
2.33059	4.61529	10.7563	14.9603
3.34816	2.86926	9.60676	8.53038
1.99144	2.86837	5.71219	6.2775
3.41265	3.94806	13.4734	14.6906
2.1682	3.71324	8.05103	9.20051
3.69737	2.84282	10.5109	9.27286
4.79212	4.1341	19.8111	19.2788
1.55914	2.26507	3.53156	5.30866
2.75989	1.29507	3.57424	5.17544
2.37792	2.87195	6.82926	6.75692
2.50527	1.65166	4.13784	5.27137
3.92847	2.1754	8.54599	7.35825
1.72743	1.6492	2.84887	5.07561
3.41866	2.99925	10.2534	9.24719
1.95881	4.92561	9.64832	15.5779
1.62083	2.85941	4.63462	5.91623
3.10447	4.42178	13.7273	16.5383
3.2429	2.62365	8.50824	7.44929
2.46531	1.54248	3.80268	5.20235
3.03936	4.89838	14.8879	18.5059
4.56459	3.57364	16.3122	16.5204
3.80614	3.92241	14.9292	15.9936
2.08519	4.68774	9.77482	14.4944
4.52682	4.75159	21.5096	20.4665
4.4399	3.03707	13.4843	12.6173
2.68677	2.70753	7.27451	6.79189
1.98287	1.50124	2.97677	5.07585
3.37411	1.9928	6.72393	6.1622
3.14288	1.97613	6.21075	5.9216
3.4529	3.78692	13.0759	13.763
2.4523	3.96314	9.71883	11.2578
2.94795	1.36766	4.0318	5.27043
2.64156	2.38905	6.31083	6.09963
1.19217	1.99961	2.38387	5.08855
2.91659	3.45331	10.0719	10.0039
4.57663	4.05793	18.5717	18.6708
3.34917	4.14532	13.8834	15.7358
3.49736	4.07063	14.2365	15.8053
3.56226	3.99187	14.2201	15.5462
3.80233	2.5729	9.78302	8.41315
1.20522	2.91369	3.51164	5.68289
4.65568	3.41689	15.9079	15.9079
4.71119	3.58129	16.8721	17.0133
2.44477	4.94961	12.1007	17.3008
4.08602	1.24811	5.09982	6.54508
3.96475	2.15064	8.52674	7.36007
4.7077	1.96912	9.27002	9.04967
1.83382	2.61432	4.7942	5.75774
3.37199	3.57343	12.0496	12.089
4.02449	2.38615	9.60303	8.2281
4.90677	1.82061	8.93334	9.67504
2.31784	1.2064	2.79624	5.04869
1.46017	3.4969	5.10607	6.99146
2.1983	2.41904	5.31779	5.77701
2.91543	2.69801	7.86586	7.11075
3.23619	2.59404	8.39478	7.34762
3.19161	1.6067	5.12795	5.54745
2.56623	1.55345	3.98652	5.23796
2.54002	2.97998	7.56922	7.29416
4.90637	4.33874	21.2875	19.9951
1.37142	2.14708	2.94455	5.18685
2.56362	3.33552	8.55101	8.57608
4.66367	2.34023	10.9141	9.87408
1.11376	4.5679	5.08756	10.3526
1.94639	3.6077	7.022	8.24511
1.42944	1.51797	2.16985	4.9978
3.45802	3.99661	13.8204	15.1866
4.39494	2.96842	13.046	12.0366
1.04266	3.66471	3.82105	6.80362
3.35139	2.89524	9.70308	8.64176
4.18015	1.08842	4.54976	6.99424
3.21908	3.53695	11.3857	11.3584
4.37776	1.02978	4.50811	7.82132
2.69465	1.46456	3.94648	5.23303
2.16444	4.90128	10.6085	16.1619
2.26075	4.20004	9.49525	11.9862
4.91446	4.95657	24.3588	21.2943
1.83577	1.60143	2.93986	5.08034
2.28571	4.58781	10.4864	14.6034
1.99449	2.28937	4.56613	5.51606
4.14225	2.01879	8.36232	7.38806
1.69033	1.08332	1.83117	4.94911
4.17894	1.67039	6.98044	6.88768
3.73962	4.71324	17.6257	19.2019
1.01508	2.86541	2.90862	5.52392
3.35815	4.56929	15.3443	17.9621
2.95493	4.70907	13.915	17.5584
4.9493	2.35294	11.6454	11.0299
1.87271	4.23126	7.92394	10.8884
4.72617	3.29916	15.5924	15.4278
4.09904	1.90034	7.78956	7.04016
2.28849	4.37518	10.0126	13.1902
1.89489	3.19535	6.05484	6.8636
4.26555	3.06067	13.0555	12.1298
4.94096	1.03443	5.11107	9.35379
3.69086	4.20729	15.5285	17.2002
4.40397	3.56397	15.6956	15.9182
2.80201	1.08604	3.0431	5.11337
1.1394	4.47075	5.09398	9.94599
1.6876	4.44441	7.50038	11.4739
2.57116	4.1617	10.7004	12.8667
3.71702	4.8317	17.9595	19.4972
4.0443	3.94074	15.9375	16.8835
1.01913	4.47883	4.56449	9.65373
2.2385	4.61826	10.338	14.6243
4.18735	4.38538	18.3631	18.9984
4.97334	2.85787	14.2131	13.5748
2.8801	4.79133	13.7995	17.7312
4.08722	2.68216	10.9626	9.5879
4.30901	1.79955	7.75427	7.39117
2.11641	4.65756	9.85729	14.413
1.34247	1.52635	2.04907	4.98933
2.74003	2.90046	7.94734	7.40293
3.81354	3.27931	12.5058	11.8607
1.01623	2.16748	2.20264	5.11124
1.23997	4.12511	5.11501	8.66834
2.82881	4.76178	13.4702	17.4649
3.29156	4.36718	14.3749	16.8331
1.92386	1.66026	3.19411	5.11803
4.46708	2.21557	9.89712	8.7993
2.04485	3.03075	6.19742	6.67692
4.14519	4.99673	20.7124	20.522
4.62097	1.94875	9.0051	8.67461
2.15554	1.38941	2.99492	5.07277
1.82309	1.35515	2.47057	5.01208
1.78484	1.53444	2.73874	5.05154
1.95018	4.25862	8.30508	11.2837
2.41434	3.46325	8.36146	8.74337
2.49597	3.97293	9.91632	11.4554
3.68129	2.83447	10.4345	9.19479
