X0	X1	Y_true	Y_pred	
1.52513	3.51013	5.3534	5.08899
1.01428	2.54118	2.57746	3.43289
4.46946	2.36196	10.5567	10.572
4.84537	4.62387	22.4043	20.7663
4.80194	3.35143	16.0934	16.2366
2.1847	3.82622	8.35914	7.90391
2.79543	2.54578	7.11655	6.1016
2.59279	3.90531	10.1257	9.22788
2.62519	1.08532	2.84917	3.53521
4.59049	1.67888	7.70689	8.76504
4.18072	2.86982	11.9979	11.9277
1.81172	4.33056	7.84577	8.20011
2.97188	4.70772	13.9908	13.1784
3.63376	2.2363	8.12618	7.72487
1.48441	3.24724	4.82022	4.46588
4.34731	4.15013	18.0419	19.1608
1.54796	3.57512	5.53414	5.30864
1.91551	2.2286	4.26889	3.7882
3.26665	2.4667	8.05784	7.31007
3.00781	2.85633	8.59131	7.62656
1.94481	3.87806	7.5421	7.36655
4.71165	4.63992	21.8617	20.7337
3.59161	1.80519	6.48353	6.39241
4.2817	2.014	8.62333	8.80196
3.38627	3.81089	12.9047	12.8025
2.31166	3.6647	8.47154	7.82983
4.58183	4.48741	20.5606	20.5777
3.17577	4.16768	13.2356	13.1152
1.81794	4.38522	7.97205	8.35845
4.86785	1.18954	5.79052	8.31792
1.49165	3.3182	4.94959	4.60609
3.61109	2.04412	7.38148	7.14369
2.75543	4.65458	12.8254	13.1418
2.0417	2.51957	5.14422	4.24876
2.43376	2.7879	6.78506	5.70303
4.25652	2.68728	11.4384	11.2252
1.81505	2.16486	3.92935	3.66375
4.44519	1.68933	7.50939	8.44958
1.14386	2.01808	2.30841	3.33005
4.76943	4.11302	19.6168	20.3524
2.23097	4.06346	9.06546	8.63414
3.00646	2.68199	8.06328	7.1464
4.18387	1.1115	4.65036	6.19009
3.45542	3.76673	13.0156	12.8898
1.31776	3.86749	5.09641	5.43725
4.73178	1.35222	6.39839	8.36387
2.2163	3.21646	7.12862	6.27703
2.59784	1.05826	2.74919	3.50865
4.21154	4.86351	20.4829	20.5868
2.37047	1.88187	4.46091	3.90657
2.75691	4.7394	13.0661	13.1476
4.35406	3.46117	15.0701	13.4051
3.91593	3.95172	15.4747	13.6809
4.49085	2.96515	13.316	13.1446
3.68423	2.52469	9.30152	8.55041
4.26146	3.55935	15.168	13.4311
2.7057	3.6834	9.96618	8.92173
1.22425	4.31089	5.27762	6.41998
1.16339	4.36659	5.08004	6.3949
4.71817	4.77756	22.5414	20.7724
3.99171	4.73612	18.9052	20.0578
4.10858	1.96306	8.06539	8.27217
4.31077	1.70034	7.32978	8.15266
4.20157	3.71882	15.6249	14.0036
1.45798	4.59453	6.69876	7.92399
1.92051	4.42491	8.49808	8.74445
4.51034	1.49234	6.73095	8.15498
3.05717	4.84942	14.8255	14.0279
3.21252	1.24397	3.99628	4.19335
1.28067	4.27095	5.46967	6.47789
1.59092	1.26896	2.01882	3.28681
1.29144	3.90158	5.03866	5.454
2.1267	3.14375	6.68581	5.79261
1.80392	1.6335	2.94671	3.40811
2.72341	3.79127	10.3252	9.28576
2.78594	3.0059	8.37428	7.40144
3.01291	4.39782	13.2502	13.1414
1.89923	2.26654	4.30468	3.80534
1.12308	2.07593	2.33143	3.33721
2.86662	4.38787	12.5784	13.0002
4.62826	4.43022	20.5042	20.5677
1.07718	3.15138	3.39461	3.82003
3.66481	4.85714	17.8005	19.3361
4.69079	4.77626	22.4044	20.7662
4.40022	1.17171	5.15577	7.0286
1.68912	3.34649	5.65262	5.11138
2.5877	2.77588	7.18317	6.13368
1.68867	4.9804	8.41028	9.8156
3.18694	2.52569	8.04921	7.24102
2.35195	1.40492	3.30431	3.55095
4.75811	4.33348	20.6192	20.5941
3.85296	3.83072	14.7596	13.1724
2.64741	4.67247	12.3699	13.1026
1.32468	4.89538	6.48483	8.35305
3.4455	2.22835	7.67779	7.17117
4.73747	2.39093	11.327	12.376
1.25414	3.0892	3.8743	3.93546
2.53727	4.32017	10.9614	10.7712
4.72419	4.45453	21.0441	20.6549
2.61939	3.52862	9.24283	8.30051
1.94317	1.97193	3.83178	3.62711
3.08565	2.31501	7.1433	6.32237
4.0033	4.91595	19.68	20.4233
1.31406	2.76663	3.63553	3.71412
1.87516	4.69389	8.80179	9.42912
3.23792	1.1717	3.79387	4.13402
3.27233	1.34676	4.40703	4.44265
4.54802	2.68521	12.2124	12.879
2.16152	4.28634	9.265	9.05188
3.04525	2.32501	7.08023	6.22659
3.24335	1.70508	5.53016	5.10786
4.91419	2.87819	14.144	13.3085
3.73576	3.00161	11.2133	10.132
2.67878	1.84857	4.95189	4.25054
1.84714	1.09698	2.02628	3.29996
2.91435	4.34825	12.6723	13.0162
4.53126	3.75838	17.0302	17.6552
2.88096	2.13316	6.14553	5.21923
3.0147	1.80638	5.44568	4.79457
1.52762	4.52405	6.91105	7.93026
2.33059	4.61529	10.7563	11.3443
3.34816	2.86926	9.60676	8.54039
1.99144	2.86837	5.71219	4.75787
3.41265	3.94806	13.4734	13.1235
2.1682	3.71324	8.05103	7.55873
3.69737	2.84282	10.5109	9.40767
4.79212	4.1341	19.8111	20.4174
1.55914	2.26507	3.53156	3.56323
2.75989	1.29507	3.57424	3.7545
2.37792	2.87195	6.82926	5.77348
2.50527	1.65166	4.13784	3.82625
3.92847	2.1754	8.54599	8.32861
1.72743	1.6492	2.84887	3.3886
3.41866	2.99925	10.2534	9.04566
1.95881	4.92561	9.64832	10.9582
1.62083	2.85941	4.63462	4.11064
3.10447	4.42178	13.7273	13.1476
3.2429	2.62365	8.50824	7.66431
2.46531	1.54248	3.80268	3.70744
3.03936	4.89838	14.8879	14.2835
4.56459	3.57364	16.3122	16.1103
3.80614	3.92241	14.9292	13.2161
2.08519	4.68774	9.77482	10.31
4.52682	4.75159	21.5096	20.7068
4.4399	3.03707	13.4843	13.1463
2.68677	2.70753	7.27451	6.23956
1.98287	1.50124	2.97677	3.4267
3.37411	1.9928	6.72393	6.26961
3.14288	1.97613	6.21075	5.52865
3.4529	3.78692	13.0759	12.9437
2.4523	3.96314	9.71883	8.97716
2.94795	1.36766	4.0318	4.00445
2.64156	2.38905	6.31083	5.22744
1.19217	1.99961	2.38387	3.33651
2.91659	3.45331	10.0719	8.88534
4.57663	4.05793	18.5717	19.7487
3.34917	4.14532	13.8834	13.1476
3.49736	4.07063	14.2365	13.1478
3.56226	3.99187	14.2201	13.1476
3.80233	2.5729	9.78302	8.95982
1.20522	2.91369	3.51164	3.73781
4.65568	3.41689	15.9079	15.3789
4.71119	3.58129	16.8721	17.6566
2.44477	4.94961	12.1007	13.1398
4.08602	1.24811	5.09982	6.28789
3.96475	2.15064	8.52674	8.35906
4.7077	1.96912	9.27002	9.89216
1.83382	2.61432	4.7942	4.08587
3.37199	3.57343	12.0496	11.2835
4.02449	2.38615	9.60303	9.06344
4.90677	1.82061	8.93334	10.0893
2.31784	1.2064	2.79624	3.44766
1.46017	3.4969	5.10607	4.90196
2.1983	2.41904	5.31779	4.34457
2.91543	2.69801	7.86586	6.9184
3.23619	2.59404	8.39478	7.56776
3.19161	1.6067	5.12795	4.76768
2.56623	1.55345	3.98652	3.79765
2.54002	2.97998	7.56922	6.58632
4.90637	4.33874	21.2875	20.6894
1.37142	2.14708	2.94455	3.42691
2.56362	3.33552	8.55101	7.65964
4.66367	2.34023	10.9141	11.587
1.11376	4.5679	5.08756	6.83588
1.94639	3.6077	7.022	6.59191
1.42944	1.51797	2.16985	3.29714
3.45802	3.99661	13.8204	13.1458
4.39494	2.96842	13.046	13.1171
1.04266	3.66471	3.82105	4.38569
3.35139	2.89524	9.70308	8.61086
4.18015	1.08842	4.54976	6.11134
3.21908	3.53695	11.3857	10.2188
4.37776	1.02978	4.50811	6.55014
2.69465	1.46456	3.94648	3.83734
2.16444	4.90128	10.6085	12.1727
2.26075	4.20004	9.49525	9.09638
4.91446	4.95657	24.3588	20.8178
1.83577	1.60143	2.93986	3.4086
2.28571	4.58781	10.4864	10.8773
1.99449	2.28937	4.56613	3.91704
4.14225	2.01879	8.36232	8.48133
1.69033	1.08332	1.83117	3.27751
4.17894	1.67039	6.98044	7.74285
3.73962	4.71324	17.6257	18.9608
1.01508	2.86541	2.90862	3.57736
3.35815	4.56929	15.3443	14.1572
2.95493	4.70907	13.915	13.1687
4.9493	2.35294	11.6454	13.0392
1.87271	4.23126	7.92394	8.10781
4.72617	3.29916	15.5924	14.8727
4.09904	1.90034	7.78956	8.10125
2.28849	4.37518	10.0126	9.80429
1.89489	3.19535	6.05484	5.27377
4.26555	3.06067	13.0555	13.0867
4.94096	1.03443	5.11107	8.13941
3.69086	4.20729	15.5285	13.8973
4.40397	3.56397	15.6956	14.3702
2.80201	1.08604	3.0431	3.63975
1.1394	4.47075	5.09398	6.62878
1.6876	4.44441	7.50038	8.15977
2.57116	4.1617	10.7004	10.1111
3.71702	4.8317	17.9595	19.4566
4.0443	3.94074	15.9375	14.5769
1.01913	4.47883	4.56449	6.27686
2.2385	4.61826	10.338	10.7768
4.18735	4.38538	18.3631	19.5308
4.97334	2.85787	14.2131	13.4304
2.8801	4.79133	13.7995	13.1737
4.08722	2.68216	10.9626	10.2751
4.30901	1.79955	7.75427	8.37752
2.11641	4.65756	9.85729	10.3151
1.34247	1.52635	2.04907	3.28623
2.74003	2.90046	7.94734	6.96917
3.81354	3.27931	12.5058	12.2273
1.01623	2.16748	2.20264	3.33293
1.23997	4.12511	5.11501	5.92378
2.82881	4.76178	13.4702	13.1497
3.29156	4.36718	14.3749	13.1638
1.92386	1.66026	3.19411	3.46226
4.46708	2.21557	9.89712	9.91138
2.04485	3.03075	6.19742	5.25769
4.14519	4.99673	20.7124	20.6368
4.62097	1.94875	9.0051	9.53119
2.15554	1.38941	2.99492	3.45207
1.82309	1.35515	2.47057	3.34094
1.78484	1.53444	2.73874	3.37375
1.95018	4.25862	8.30508	8.38633
2.41434	3.46325	8.36146	7.58202
2.49597	3.97293	9.91632	9.13432
3.68129	2.83447	10.4345	9.33348
