X0	X1	Y_true	Y_pred	
2.04994	4.74746	23.1012	32.5761
4.36359	2.69995	15.9047	5.9824
1.77987	3.91019	13.6068	19.3998
3.42295	4.66504	37.2461	35.6093
3.25255	4.82057	37.7911	36.0997
3.1825	4.29461	29.3485	31.0236
4.05354	4.41036	39.4234	35.2567
4.14843	4.23161	37.142	34.0845
3.93574	2.13472	8.96765	5.06615
1.66125	2.41787	4.85592	6.74036
1.8387	3.24007	9.65143	8.38379
4.25157	1.11765	2.65539	5.02269
4.72526	1.28536	3.90342	5.0285
3.17089	2.59827	10.7034	7.43833
2.27462	2.54225	7.35049	6.92253
3.58067	4.94265	43.7375	36.8044
2.05807	3.22649	10.7125	8.76494
1.9579	2.79476	7.64628	7.09526
4.68051	1.98565	9.22713	5.07334
1.41049	3.25582	7.47587	7.80092
3.64147	1.6685	5.06875	5.02983
4.28422	1.27694	3.4929	5.02529
4.02217	3.43498	23.729	20.9868
2.33437	3.38125	13.3443	11.948
2.77338	3.62735	18.2456	19.6643
1.63748	3.12608	8.00103	7.59145
2.51746	3.1583	12.5556	9.44416
4.48299	4.36258	42.6604	35.7422
1.8257	4.17178	15.887	21.3936
4.77152	2.35857	13.2716	5.16123
1.79957	4.61326	19.1493	28.9861
2.35346	4.41169	22.9027	28.3568
2.63596	1.32343	2.30839	5.02042
2.90982	2.33385	7.92469	6.90924
4.15826	2.32636	11.2521	5.11248
1.6692	1.02562	0.877916	5.04311
2.43486	3.0652	11.4383	8.44401
1.59933	2.58394	5.33916	6.80637
2.53313	1.53577	2.9873	5.06856
3.45434	2.6097	11.763	7.73789
3.22674	3.39921	18.642	18.5022
1.17198	3.82705	8.5826	13.8607
2.31153	3.84629	17.0983	20.2868
2.55271	4.44028	25.1648	30.1537
3.54902	4.30936	32.9538	32.9043
4.49233	4.42711	44.0232	36.0568
1.11544	3.14172	5.50492	7.23596
4.66643	2.62386	16.0634	5.27928
4.938	4.75256	55.7669	37.2123
3.59911	4.92347	43.6222	36.7723
4.71803	3.5515	29.7545	25.5602
1.74824	1.54471	2.08577	6.57992
3.61338	1.7655	5.63141	5.03275
3.45062	3.01645	15.6986	11.5676
3.56639	1.13937	2.31488	5.02077
3.17968	3.20264	16.3068	13.7708
1.00907	2.15323	2.33922	6.64032
3.58463	1.34145	3.22525	5.02291
1.95509	3.46752	11.7537	11.3611
1.13769	1.84419	1.93467	6.61779
3.06381	1.49497	3.42371	5.02292
3.615	3.48452	21.9464	20.5415
2.01336	4.50183	20.4018	28.0386
3.32027	2.50782	10.4408	7.32195
2.91814	4.48264	29.3187	32.6238
4.06231	1.36969	3.81055	5.02575
3.10599	4.2109	27.5373	29.0169
2.58424	3.02344	11.8115	8.47304
4.64437	1.94555	8.78982	5.06695
3.85213	4.9237	46.6932	36.9444
2.79277	2.84727	11.3204	7.87743
4.69475	1.21197	3.44797	5.02653
2.18844	4.63248	23.4818	31.5237
3.30102	2.235	8.24467	6.39112
4.24389	2.27282	10.9613	5.09915
1.17768	1.96655	2.27724	6.62725
1.29311	4.22509	11.5419	20.6725
2.10325	3.01307	9.54724	7.69444
4.01073	2.59784	13.5338	6.80051
1.41659	4.36441	13.4916	22.0288
4.88471	1.00684	2.47587	5.02386
4.52575	2.41986	13.2508	5.15795
2.10732	3.41938	12.3196	11.3418
3.77792	1.99876	7.54646	5.04828
1.29105	1.50267	1.45761	6.60458
1.96707	1.39858	1.92383	5.66215
3.01052	4.97423	37.2447	36.3957
2.82666	2.03642	5.86109	6.53952
3.30866	2.75299	12.5381	8.19209
4.3562	3.82784	31.9143	29.0862
2.327	3.45019	13.8501	13.3925
2.01256	3.16736	10.0952	8.26938
1.08343	2.25489	2.75437	6.6569
1.19313	1.57557	1.48094	6.60651
1.39498	2.34635	3.83994	6.69383
3.0094	1.89368	5.39589	5.27767
1.63225	1.47107	1.76614	6.56979
2.39177	3.45225	14.2526	13.9154
4.95946	1.53124	5.81424	5.04087
4.5688	4.01238	36.777	33.1284
2.13002	3.54551	13.3878	14.2142
1.46323	4.38007	14.0361	22.396
2.18209	1.72985	3.26482	6.55285
1.05122	1.31391	0.907392	6.59734
1.8103	2.9242	7.7399	7.23091
4.978	2.73327	18.5947	5.40254
1.14142	3.12912	5.58803	7.22748
2.14452	2.66852	7.63557	7.00849
1.42334	2.26436	3.64897	6.67734
4.40444	4.78757	50.4767	37.0102
4.01958	2.85038	16.3289	11.6715
4.36045	1.8701	7.62484	5.05111
1.95032	4.45817	19.3815	26.6672
3.66229	2.10813	8.13804	5.07508
4.65946	2.21094	11.3883	5.11118
3.66754	2.21624	9.00698	5.20463
3.56408	2.40507	10.308	6.75461
4.2289	3.45675	25.2658	21.6348
1.98502	2.75995	7.56024	7.05957
2.75338	3.50856	16.947	17.8343
2.79801	4.81652	32.4554	35.3691
3.65644	3.41436	21.3131	20.1752
3.82214	3.75183	26.9006	24.0134
2.00964	4.71683	22.3557	31.9692
3.51068	3.87616	26.3733	24.5557
1.45506	4.37855	13.948	22.3435
1.28495	4.3282	12.0357	21.3095
1.79022	2.84993	7.27016	7.09997
3.02567	4.44365	29.8724	32.5469
3.5058	1.03082	1.8626	5.01988
3.82491	2.57171	12.6483	7.47762
3.06976	1.70111	4.44162	5.03114
2.31364	2.18424	5.51905	6.72911
3.44226	1.91025	6.2805	5.04184
2.32752	3.88514	17.5661	20.5566
4.73497	1.53499	5.57823	5.03751
4.57971	4.63041	49.096	36.7964
2.00935	1.70981	2.93711	6.60479
3.48216	3.09711	16.7006	13.4865
2.28783	1.89252	4.09709	6.64456
2.94786	4.58423	30.9749	33.9041
2.7938	3.46837	16.8042	17.2671
1.84193	2.06181	3.91508	6.66362
1.60873	1.10702	0.985748	5.201
2.46385	4.08244	20.5316	22.5531
2.19919	3.74952	15.4591	19.0014
1.68212	2.93046	7.22267	7.17238
4.32916	3.19996	22.1647	20.1277
3.13969	4.58013	32.9316	34.4169
1.22995	2.72976	4.58255	6.82437
4.94954	1.08142	2.89418	5.02548
3.78422	2.17981	8.99052	5.08812
4.21342	1.93705	7.90471	5.05286
2.8603	2.45166	8.59612	7.01354
2.98232	2.30701	7.93641	6.89834
4.85972	2.5431	15.7148	5.25149
2.18191	3.82674	15.9759	19.8235
1.14548	4.98083	14.2089	31.9225
3.91161	1.88621	6.95837	5.04266
2.63207	4.07588	21.863	23.2407
2.20626	1.43067	2.25791	5.18953
2.80913	3.17582	14.1662	10.8854
2.60335	3.08783	12.411	9.01514
1.08227	4.59221	11.4117	23.8907
1.11554	1.42915	1.13923	6.60158
2.21439	2.5829	7.3865	6.94247
1.1904	4.60273	12.6095	24.7423
4.09028	4.57857	42.8729	36.1687
4.36567	3.83431	32.0919	29.2753
1.46571	1.21795	1.08712	6.1745
2.53297	4.1525	21.8384	24.0537
4.42756	3.71946	30.6263	27.2595
2.67232	1.89626	4.80458	6.29062
1.18951	2.57853	3.95442	6.74591
2.89721	4.3423	27.3143	30.3107
2.29885	4.92614	27.8929	35.0803
1.81217	2.03139	3.73899	6.65717
1.53038	1.73725	2.30937	6.61866
1.68413	4.74538	18.9621	30.8107
4.8165	4.81826	55.909	37.2482
2.62809	4.23866	23.6085	26.4491
1.29285	3.9475	10.0731	17.5836
3.48785	4.77333	39.7348	36.2022
2.26041	3.57902	14.4772	16.0251
3.43428	3.79207	24.6921	22.6886
2.79861	1.16269	1.89164	5.01941
2.72821	4.91244	32.9186	35.7795
1.60604	2.35536	4.45492	6.71399
2.72434	3.03457	12.5437	8.87863
1.93783	1.39852	1.89506	5.75435
3.71583	2.59713	12.5318	7.88376
2.56432	2.28062	6.66882	6.80366
3.38268	1.86244	5.86673	5.03779
3.30077	2.3738	9.29979	7.00861
1.82758	4.32231	17.0718	23.2036
2.36633	2.7294	8.81416	7.19003
4.62743	2.04153	9.64319	5.0788
2.23252	1.97737	4.36457	6.66846
2.13452	2.73484	7.98241	7.08782
3.18379	1.15955	2.1404	5.02006
1.00898	3.12532	4.92765	7.15091
1.47702	2.81682	5.85969	6.9481
2.45801	3.72192	17.025	19.6345
1.89928	1.486	2.097	6.3117
3.22921	1.17491	2.22883	5.02026
3.90733	4.06151	32.2274	30.8695
4.92151	2.05827	10.425	5.09659
3.15089	1.46207	3.36773	5.02274
3.96726	4.81356	45.9613	36.7817
3.38855	4.76436	38.4587	36.0398
3.18762	3.86791	23.8446	22.6827
4.728	3.4319	27.843	23.3052
1.423	1.14201	0.927927	5.90005
2.97153	2.34665	8.18178	6.93591
1.32676	2.26897	3.41524	6.67232
2.50147	3.10588	12.0652	8.8988
1.27982	3.34122	7.1438	7.99438
4.75225	1.22473	3.56409	5.02721
1.88767	2.56112	6.19092	6.84602
4.88397	4.64496	52.6873	37.0203
1.00262	1.61183	1.3024	6.60578
3.08447	1.30809	2.63891	5.02093
3.37852	4.26759	30.7653	31.5711
1.42975	1.09448	0.856335	5.60879
1.00439	1.73275	1.5078	6.61016
2.5726	4.68107	28.186	33.7079
2.11933	4.87241	25.1569	34.2109
3.63012	1.54648	4.3409	5.02665
3.26674	3.16011	16.3113	13.4026
2.14562	1.30329	1.82225	5.05238
3.57413	1.82288	5.9382	5.03471
1.25765	4.8162	14.5861	29.6901
1.22787	3.56559	7.8052	9.53816
3.902	2.3866	11.1127	5.39301
4.09894	2.53652	13.1862	5.69229
1.23766	3.12553	6.04534	7.27789
3.18311	1.78277	5.05842	5.03598
4.92658	2.85105	20.0228	5.56345
1.24854	4.14083	10.704	20.0406
4.02017	4.31564	37.4373	34.4825
4.76574	4.71812	53.0442	37.0831
1.33946	2.72625	4.97771	6.84319
2.72577	2.57015	9.00279	7.1136
4.2033	4.59901	44.4519	36.3735
1.11565	3.24181	5.86238	7.45984
1.08909	4.94614	13.3219	31.0972
4.65025	4.46076	46.2662	36.3732
1.13699	1.36568	1.06029	6.59888
3.99238	3.3185	21.983	20.2315
1.34267	2.30575	3.56914	6.68078
