X0	X1	Y_true	Y_pred	
2.04994	4.74746	23.1012	25.6679
4.36359	2.69995	15.9047	20.0485
1.77987	3.91019	13.6068	12.4572
3.42295	4.66504	37.2461	29.7333
3.25255	4.82057	37.7911	29.7463
3.1825	4.29461	29.3485	28.509
4.05354	4.41036	39.4234	29.9858
4.14843	4.23161	37.142	29.912
3.93574	2.13472	8.96765	11.5566
1.66125	2.41787	4.85592	8.4598
1.8387	3.24007	9.65143	8.85376
4.25157	1.11765	2.65539	8.4598
4.72526	1.28536	3.90342	8.4598
3.17089	2.59827	10.7034	11.1392
2.27462	2.54225	7.35049	8.50094
3.58067	4.94265	43.7375	30.0648
2.05807	3.22649	10.7125	9.35091
1.9579	2.79476	7.64628	8.49519
4.68051	1.98565	9.22713	9.90866
1.41049	3.25582	7.47587	8.49434
3.64147	1.6685	5.06875	8.65788
4.28422	1.27694	3.4929	8.48362
4.02217	3.43498	23.729	27.4058
2.33437	3.38125	13.3443	11.867
2.77338	3.62735	18.2456	19.884
1.63748	3.12608	8.00103	8.52067
2.51746	3.1583	12.5556	11.2617
4.48299	4.36258	42.6604	30.146
1.8257	4.17178	15.887	16.1961
4.77152	2.35857	13.2716	12.7758
1.79957	4.61326	19.1493	22.044
2.35346	4.41169	22.9027	24.9785
2.63596	1.32343	2.30839	8.45937
2.90982	2.33385	7.92469	8.84664
4.15826	2.32636	11.2521	14.4755
1.6692	1.02562	0.877916	8.40373
2.43486	3.0652	11.4383	10.1064
1.59933	2.58394	5.33916	8.4598
2.53313	1.53577	2.9873	8.4598
3.45434	2.6097	11.763	13.4965
3.22674	3.39921	18.642	21.9736
1.17198	3.82705	8.5826	8.90251
2.31153	3.84629	17.0983	17.4183
2.55271	4.44028	25.1648	26.5627
3.54902	4.30936	32.9538	29.3589
4.49233	4.42711	44.0232	30.1707
1.11544	3.14172	5.50492	8.4598
4.66643	2.62386	16.0634	17.3433
4.938	4.75256	55.7669	30.2888
3.59911	4.92347	43.6222	30.0629
4.71803	3.5515	29.7545	27.7122
1.74824	1.54471	2.08577	8.43918
3.61338	1.7655	5.63141	8.78315
3.45062	3.01645	15.6986	19.1422
3.56639	1.13937	2.31488	8.4598
3.17968	3.20264	16.3068	18.7366
1.00907	2.15323	2.33922	8.43819
3.58463	1.34145	3.22525	8.46144
1.95509	3.46752	11.7537	10.0835
1.13769	1.84419	1.93467	8.42592
3.06381	1.49497	3.42371	8.4598
3.615	3.48452	21.9464	26.1215
2.01336	4.50183	20.4018	22.894
3.32027	2.50782	10.4408	11.3762
2.91814	4.48264	29.3187	28.3799
4.06231	1.36969	3.81055	8.53054
3.10599	4.2109	27.5373	27.9144
2.58424	3.02344	11.8115	10.6557
4.64437	1.94555	8.78982	9.78429
3.85213	4.9237	46.6932	30.1556
2.79277	2.84727	11.3204	10.6585
4.69475	1.21197	3.44797	8.4598
2.18844	4.63248	23.4818	25.6868
3.30102	2.235	8.24467	9.52471
4.24389	2.27282	10.9613	13.8546
1.17768	1.96655	2.27724	8.43561
1.29311	4.22509	11.5419	11.5204
2.10325	3.01307	9.54724	8.84755
4.01073	2.59784	13.5338	17.8888
1.41659	4.36441	13.4916	14.1432
4.88471	1.00684	2.47587	8.4598
4.52575	2.41986	13.2508	15.1863
2.10732	3.41938	12.3196	10.5999
3.77792	1.99876	7.54646	9.97652
1.29105	1.50267	1.45761	8.41271
1.96707	1.39858	1.92383	8.44137
3.01052	4.97423	37.2447	29.6845
2.82666	2.03642	5.86109	8.48642
3.30866	2.75299	12.5381	13.8815
4.3562	3.82784	31.9143	29.3113
2.327	3.45019	13.8501	12.4913
2.01256	3.16736	10.0952	9.03295
1.08343	2.25489	2.75437	8.44691
1.19313	1.57557	1.48094	8.41211
1.39498	2.34635	3.83994	8.45883
3.0094	1.89368	5.39589	8.48844
1.63225	1.47107	1.76614	8.4288
2.39177	3.45225	14.2526	13.1113
4.95946	1.53124	5.81424	8.46407
4.5688	4.01238	36.777	29.6475
2.13002	3.54551	13.3878	11.7846
1.46323	4.38007	14.0361	14.852
2.18209	1.72985	3.26482	8.45976
1.05122	1.31391	0.907392	8.39254
1.8103	2.9242	7.7399	8.49677
4.978	2.73327	18.5947	16.0474
1.14142	3.12912	5.58803	8.4598
2.14452	2.66852	7.63557	8.50748
1.42334	2.26436	3.64897	8.45754
4.40444	4.78757	50.4767	30.2401
4.01958	2.85038	16.3289	21.6247
4.36045	1.8701	7.62484	9.92967
1.95032	4.45817	19.3815	21.6938
3.66229	2.10813	8.13804	10.2246
4.65946	2.21094	11.3883	11.8291
3.66754	2.21624	9.00698	11.0264
3.56408	2.40507	10.308	12.1125
4.2289	3.45675	25.2658	27.8261
1.98502	2.75995	7.56024	8.49122
2.75338	3.50856	16.947	17.9431
2.79801	4.81652	32.4554	29.0827
3.65644	3.41436	21.3131	25.7696
3.82214	3.75183	26.9006	28.5049
2.00964	4.71683	22.3557	25.1069
3.51068	3.87616	26.3733	27.9503
1.45506	4.37855	13.948	14.7413
1.28495	4.3282	12.0357	12.446
1.79022	2.84993	7.27016	8.47238
3.02567	4.44365	29.8724	28.5647
3.5058	1.03082	1.8626	8.4598
3.82491	2.57171	12.6483	16.2583
3.06976	1.70111	4.44162	8.46093
2.31364	2.18424	5.51905	8.4598
3.44226	1.91025	6.2805	8.83873
2.32752	3.88514	17.5661	18.1736
4.73497	1.53499	5.57823	8.52373
4.57971	4.63041	49.096	30.2386
2.00935	1.70981	2.93711	8.45599
3.48216	3.09711	16.7006	20.647
2.28783	1.89252	4.09709	8.4598
2.94786	4.58423	30.9749	28.8009
2.7938	3.46837	16.8042	17.8571
1.84193	2.06181	3.91508	8.4598
1.60873	1.10702	0.985748	8.40538
2.46385	4.08244	20.5316	22.4378
2.19919	3.74952	15.4591	14.7552
1.68212	2.93046	7.22267	8.47037
4.32916	3.19996	22.1647	26.0653
3.13969	4.58013	32.9316	29.2044
1.22995	2.72976	4.58255	8.4598
4.94954	1.08142	2.89418	8.4598
3.78422	2.17981	8.99052	11.3047
4.21342	1.93705	7.90471	10.4434
2.8603	2.45166	8.59612	9.03099
2.98232	2.30701	7.93641	8.91912
4.85972	2.5431	15.7148	14.4512
2.18191	3.82674	15.9759	15.5941
1.14548	4.98083	14.2089	19.5323
3.91161	1.88621	6.95837	9.71281
2.63207	4.07588	21.863	23.9892
2.20626	1.43067	2.25791	8.45229
2.80913	3.17582	14.1662	14.0254
2.60335	3.08783	12.411	11.2807
1.08227	4.59221	11.4117	13.4712
1.11554	1.42915	1.13923	8.40035
2.21439	2.5829	7.3865	8.49708
1.1904	4.60273	12.6095	14.7424
4.09028	4.57857	42.8729	30.098
4.36567	3.83431	32.0919	29.3271
1.46571	1.21795	1.08712	8.40483
2.53297	4.1525	21.8384	23.912
4.42756	3.71946	30.6263	28.951
2.67232	1.89626	4.80458	8.4598
1.18951	2.57853	3.95442	8.4598
2.89721	4.3423	27.3143	27.6988
2.29885	4.92614	27.8929	28.0554
1.81217	2.03139	3.73899	8.45956
1.53038	1.73725	2.30937	8.43964
1.68413	4.74538	18.9621	22.4709
4.8165	4.81826	55.909	30.2885
2.62809	4.23866	23.6085	25.5066
1.29285	3.9475	10.0731	9.66042
3.48785	4.77333	39.7348	29.8972
2.26041	3.57902	14.4772	13.2892
3.43428	3.79207	24.6921	27.1854
2.79861	1.16269	1.89164	8.45892
2.72821	4.91244	32.9186	29.1686
1.60604	2.35536	4.45492	8.4598
2.72434	3.03457	12.5437	11.7134
1.93783	1.39852	1.89506	8.43999
3.71583	2.59713	12.5318	15.7111
2.56432	2.28062	6.66882	8.49455
3.38268	1.86244	5.86673	8.68243
3.30077	2.3738	9.29979	10.2604
1.82758	4.32231	17.0718	18.3734
2.36633	2.7294	8.81416	8.7368
4.62743	2.04153	9.64319	10.4682
2.23252	1.97737	4.36457	8.4598
2.13452	2.73484	7.98241	8.53717
3.18379	1.15955	2.1404	8.4598
1.00898	3.12532	4.92765	8.4598
1.47702	2.81682	5.85969	8.4598
2.45801	3.72192	17.025	17.4135
1.89928	1.486	2.097	8.44299
3.22921	1.17491	2.22883	8.4598
3.90733	4.06151	32.2274	29.4586
4.92151	2.05827	10.425	9.48719
3.15089	1.46207	3.36773	8.4598
3.96726	4.81356	45.9613	30.1511
3.38855	4.76436	38.4587	29.8102
3.18762	3.86791	23.8446	26.3173
4.728	3.4319	27.843	26.899
1.423	1.14201	0.927927	8.39901
2.97153	2.34665	8.18178	8.99574
1.32676	2.26897	3.41524	8.45544
2.50147	3.10588	12.0652	10.7449
1.27982	3.34122	7.1438	8.48638
4.75225	1.22473	3.56409	8.4598
1.88767	2.56112	6.19092	8.4598
4.88397	4.64496	52.6873	30.2773
1.00262	1.61183	1.3024	8.40493
3.08447	1.30809	2.63891	8.4598
3.37852	4.26759	30.7653	28.9362
1.42975	1.09448	0.856335	8.397
1.00439	1.73275	1.5078	8.41195
2.5726	4.68107	28.186	27.9975
2.11933	4.87241	25.1569	26.9869
3.63012	1.54648	4.3409	8.53626
3.26674	3.16011	16.3113	19.1509
2.14562	1.30329	1.82225	8.44433
3.57413	1.82288	5.9382	8.84704
1.25765	4.8162	14.5861	18.5362
1.22787	3.56559	7.8052	8.58311
3.902	2.3866	11.1127	14.2277
4.09894	2.53652	13.1862	17.3557
1.23766	3.12553	6.04534	8.4598
3.18311	1.78277	5.05842	8.49765
4.92658	2.85105	20.0228	18.438
1.24854	4.14083	10.704	10.5601
4.02017	4.31564	37.4373	29.8912
4.76574	4.71812	53.0442	30.2743
1.33946	2.72625	4.97771	8.4598
2.72577	2.57015	9.00279	9.04869
4.2033	4.59901	44.4519	30.1458
1.11565	3.24181	5.86238	8.4598
1.08909	4.94614	13.3219	18.3518
4.65025	4.46076	46.2662	30.216
1.13699	1.36568	1.06029	8.39811
3.99238	3.3185	21.983	26.5224
1.34267	2.30575	3.56914	8.45686
