X0	X1	X2	X3	Y_true	Y_pred	
4.06938	3.66223	2.33282	1.25913	27.6112	25.2404
1.46772	4.86522	4.10418	3.12644	9.37391	12.3924
4.8761	1.39229	4.92671	4.35131	7.68668	7.88683
4.28771	3.51147	3.79532	1.73637	32.9093	31.1524
3.4805	1.65485	2.50715	1.31877	10.9499	8.28595
3.47606	1.51156	2.75979	2.707	5.35674	3.46933
2.37332	2.73124	2.28346	2.07185	7.14417	6.17379
4.67119	2.13297	2.44695	1.80516	13.5058	12.2668
2.41581	2.85485	1.30751	2.15586	4.18285	4.32483
2.03315	3.04194	4.3096	4.68961	5.68357	4.03313
2.6537	4.93675	4.78192	4.40343	14.2267	14.5875
2.85071	1.23059	4.30808	1.4951	10.1083	8.86175
3.52754	4.97842	3.345	4.28885	13.6968	13.0209
4.63669	1.96398	2.59997	1.5481	15.2938	11.738
3.62717	2.6727	2.82676	2.61636	10.4739	10.0184
4.9347	3.05921	1.34452	1.41699	14.3242	16.8176
2.30244	1.30518	3.31214	1.84218	5.40302	3.63281
1.01384	2.36082	2.72641	3.53845	1.84422	3.47358
4.75608	1.93889	4.54936	2.66834	15.7222	12.8722
3.58376	2.02647	1.25786	1.38083	6.61562	7.00589
1.96138	3.79652	3.95155	2.03898	14.4312	14.0787
1.34163	1.44744	3.98509	4.15277	1.86352	2.34119
4.71775	4.88007	2.28468	4.31713	12.1841	13.2748
3.14967	4.44037	2.49755	3.48549	10.0215	10.5452
2.15976	2.77157	1.36068	2.16962	3.75408	3.9986
3.83545	3.03943	3.74247	2.0377	21.4105	20.2299
3.19648	3.74015	2.29374	1.44566	18.9687	16.1556
1.32989	4.30124	3.7904	1.21269	17.8791	20.2427
2.9454	2.57932	1.67796	1.24967	10.2009	9.24412
1.23674	4.05034	3.50643	2.04862	8.57383	10.9483
4.39955	2.13735	4.58036	3.56028	12.0976	11.2992
2.51814	1.66273	3.29282	3.3016	4.17587	2.60623
3.66811	4.61867	1.99385	3.00774	11.2308	12.7129
1.39987	4.69005	2.01497	1.85064	7.14842	10.5054
3.35089	3.80114	2.46997	3.61668	8.69874	8.72717
3.94883	1.5317	4.39851	1.53243	17.3607	12.6319
2.16253	1.92475	3.68922	1.70824	8.98928	7.19771
2.5108	3.72881	1.04206	4.3356	2.25023	3.52328
3.28148	1.91311	4.68824	3.84507	7.65447	5.51409
4.20961	2.12267	4.51991	4.98272	8.10564	5.70317
1.43525	1.95732	1.04739	3.06052	0.961396	3.44647
4.00473	1.58175	1.01891	4.53474	1.4233	2.3412
2.29991	3.41215	1.57565	3.69669	3.34492	3.65414
3.14008	2.19545	2.10603	3.23034	4.49448	3.84451
2.47971	4.54372	3.51651	3.49612	11.3328	11.319
4.63854	1.58532	2.66475	1.7842	10.9827	9.21384
1.79501	4.39433	3.85872	3.22346	9.44239	10.8296
2.11485	2.59436	3.7149	1.3635	14.9487	11.3033
4.20026	2.86248	1.83439	1.28905	17.1097	14.2921
1.38996	1.59276	1.92405	3.66824	1.16121	2.32503
2.67913	3.46516	1.13338	3.24189	3.2456	3.91623
1.90301	2.04321	4.24736	2.12081	7.787	6.97418
3.84494	1.26389	4.67756	4.85571	4.68131	2.80171
1.49404	2.88577	3.72972	3.44833	4.66326	4.19197
1.37532	3.74797	1.04186	1.27879	4.19961	6.01601
2.62127	1.70547	2.46787	3.29206	3.35128	2.43891
2.35203	2.87583	3.39205	1.57515	14.5662	11.345
1.80031	3.01501	2.68488	3.56702	4.08559	3.73322
1.87203	4.91696	2.08176	3.47814	5.50925	7.19141
3.34465	4.74391	3.3678	2.91417	18.3366	21.405
1.85558	1.25058	2.84211	3.15045	2.09344	2.3571
4.76926	3.48723	4.81234	4.28233	18.6899	18.9957
4.08054	4.27794	2.65046	1.53417	30.158	29.2389
2.82118	4.53056	2.04207	3.49097	7.47665	9.00707
1.54373	1.12583	4.12491	1.68934	4.24368	3.56824
4.36642	2.59597	4.42042	4.76833	10.5081	9.06468
1.51152	1.18089	3.4988	3.45114	1.80959	2.34918
4.58156	3.60717	3.08712	1.5787	32.3173	30.538
4.22161	3.17607	2.37576	4.70658	6.76808	4.69162
3.04224	2.98616	2.29728	2.20427	9.46795	9.41754
3.26205	3.41613	3.07553	2.54277	13.4784	11.7064
3.34747	4.67391	1.22413	2.82043	6.79059	10.6299
2.55866	3.76017	2.17459	1.14341	18.2977	13.7054
4.80372	3.05293	3.29088	1.99991	24.1321	25.2348
2.77139	1.6079	4.03983	2.08704	8.62556	7.65648
1.1718	1.29665	2.2302	2.94982	1.14875	2.32814
3.21073	4.84345	3.2251	4.14253	12.107	11.4956
4.07643	2.57089	1.06465	1.14011	9.78638	10.7057
1.41759	3.25481	4.6773	3.89836	5.53592	5.51845
3.72636	1.10302	4.43605	2.31894	7.86271	8.72205
1.76207	4.66783	2.88427	1.87513	12.6515	14.1826
1.76652	3.16038	2.17377	1.04256	11.6404	9.8349
3.21456	4.98742	1.93277	3.49038	8.87778	10.8553
2.02585	3.69124	2.35292	2.40824	7.30612	8.02032
4.56615	4.28331	2.47731	3.46742	13.9735	15.047
1.35732	3.96947	4.664	4.10219	6.12571	7.4452
2.55008	3.38473	2.727	4.6118	5.10377	3.74247
3.80665	2.06088	4.3674	4.12286	8.31037	6.94269
2.76011	1.19463	1.00623	1.4502	2.28786	2.50229
2.58416	4.55014	1.02153	4.88374	2.45948	3.58692
4.31516	1.91141	1.61137	3.51461	3.78156	3.87468
2.98911	4.60643	4.27708	3.92868	14.9902	14.7282
4.46709	4.3171	3.72218	3.94391	18.2006	19.4001
4.78262	3.41426	3.69676	4.32411	13.96	11.8519
1.8397	4.76854	2.95299	1.34415	19.2729	21.1308
4.66981	3.42304	3.13578	1.6758	29.9111	29.1316
4.52146	2.56369	1.89446	3.26987	6.71584	6.96239
1.998	3.56134	2.51295	2.71659	6.58219	6.43831
1.76458	3.53044	3.79768	4.13842	5.7168	4.59112
1.57195	3.65286	1.19017	3.63976	1.87762	3.51313
3.40989	3.27161	3.38456	4.04029	9.34526	7.90787
4.54635	3.46401	3.23576	1.94133	26.2494	26.7999
1.24222	3.73789	2.37521	3.5999	3.06364	3.7192
3.48669	1.37626	2.16063	1.32986	7.79628	5.94255
4.94463	2.80065	2.88695	3.99857	9.99834	9.87077
3.71292	2.2192	1.82009	1.54603	9.70034	9.65137
4.6678	3.77788	2.15936	4.98694	7.63572	6.36859
3.62115	4.39385	4.76393	4.52023	16.7686	15.7886
1.5236	1.33987	2.1065	4.03594	1.06549	2.32503
3.41026	2.59256	1.99604	2.42605	7.27422	6.91811
3.21766	2.93867	3.70198	2.9111	12.0245	10.6898
3.78147	2.04836	1.23898	4.72457	2.03128	3.45981
4.4335	4.00609	1.76981	4.84294	6.49059	5.81555
3.94746	1.29327	1.41625	1.27353	5.6772	4.95725
1.45273	1.85329	3.21623	4.85739	1.78268	2.64427
4.65096	1.37196	4.45462	4.01654	7.0769	6.77998
2.43602	4.5631	2.93215	2.85721	11.4074	11.7928
3.38225	4.33862	3.50641	2.53623	20.2876	22.4543
3.64829	3.97082	4.66885	3.63444	18.6098	19.5141
3.73255	1.03049	4.94378	2.83995	6.69575	8.37077
1.15928	3.61975	4.33618	1.84506	9.86196	12.0985
1.87294	3.53521	4.11611	2.41385	11.2905	11.3493
3.34783	3.07165	4.24845	4.91854	8.88239	5.9421
3.87184	1.55623	4.53118	3.84819	7.09491	5.58963
4.62968	3.90533	4.33846	2.40473	32.6196	31.1712
2.77676	3.47631	2.25029	1.9456	11.1646	10.6036
4.0671	3.98852	1.03902	3.3419	5.04341	8.39918
2.6934	4.46646	1.68733	1.40963	14.3999	14.9036
2.56374	1.31659	2.58036	4.37089	1.99267	2.32971
1.55608	1.23716	3.92374	3.36442	2.24517	2.39199
3.80017	2.40142	4.71447	1.63698	26.2822	27.2026
4.69437	1.88292	4.03462	3.62954	9.82565	8.72687
1.82973	1.04067	1.73904	1.27294	2.60137	2.45159
2.33658	2.12075	3.84289	1.29062	14.7547	10.5559
1.03004	1.65245	1.54279	2.27916	1.15216	2.33581
1.25807	4.48074	1.1575	2.19402	2.97394	5.41454
3.21515	2.66336	4.13542	1.60681	22.0387	18.7592
1.88074	1.73835	3.91147	1.76049	7.26396	5.77702
4.24727	3.58887	3.741	1.39787	40.7932	37.9876
3.5727	2.56028	4.7484	3.93461	11.039	10.1908
4.28587	3.31678	4.1098	1.21166	48.2164	49.4194
2.69791	2.7846	4.96416	1.20243	31.0153	31.362
4.30286	3.2021	3.11712	1.26598	33.9248	29.9547
4.52728	3.71139	1.43708	4.55101	5.30574	5.18784
2.07848	2.42798	4.03306	1.57253	12.9428	10.9085
2.02224	1.50422	4.84502	3.45235	4.26899	2.99287
4.64952	2.01673	1.90334	1.74231	10.2434	10.7165
4.18034	2.84137	1.20048	4.72941	3.01499	3.57256
4.23815	2.82328	2.93495	2.2803	15.4006	13.5444
2.51084	4.31009	3.23815	4.58551	7.64213	6.14925
3.36404	2.46656	2.96463	3.43121	7.16931	5.40507
3.35951	1.23443	4.63868	3.26344	5.89467	5.15767
3.79417	3.95899	4.84528	4.31091	16.8831	15.6302
2.9519	1.3976	1.78321	3.2842	2.24005	2.36487
3.43377	2.79688	4.04003	1.84461	21.0341	18.6888
2.23616	2.29773	1.05081	1.96873	2.74246	3.6963
3.21256	4.05996	2.39639	2.36481	13.217	12.7248
4.1035	1.37956	2.5671	1.12734	12.8908	9.10723
4.04669	4.23804	2.2079	4.22261	8.96733	9.62456
4.82395	2.57948	2.55019	1.89469	16.7482	16.0253
1.76233	1.71002	1.25224	2.61991	1.44042	2.35645
4.79185	4.05227	2.21197	1.41529	30.3485	30.5155
4.6692	1.744	4.43663	2.20966	16.3499	13.5177
3.76909	1.36164	4.4576	2.56385	8.92297	8.82702
3.29833	3.88599	4.33499	3.61463	15.3716	13.9794
3.17238	3.44319	1.4464	2.64287	5.97805	6.92251
2.81717	2.53675	4.09636	4.80863	6.08791	3.92012
2.6904	2.907	4.89746	3.98516	9.61142	9.19259
2.91634	1.76657	1.77705	2.04334	4.48052	2.96444
4.82622	1.45779	4.06765	1.94091	14.7449	12.4592
4.37812	1.13168	2.43339	2.2308	5.4046	5.26112
2.515	4.74134	2.29203	4.93303	5.54046	4.37846
2.3991	2.10819	4.93183	3.56446	6.99799	5.93716
1.49678	3.05002	2.23151	2.79829	3.64056	3.83141
2.68855	3.75495	4.32154	2.50648	17.4059	17.5232
2.07033	2.14984	1.91316	1.89215	4.50031	4.00961
2.90821	3.06037	2.87747	1.33493	19.1845	13.5152
3.88855	4.17097	3.06944	2.68845	18.5175	20.1491
4.69111	3.84913	2.47878	1.12714	39.71	35.5084
1.05076	4.24085	3.27829	3.95361	3.69496	4.37083
1.7205	3.83307	4.26712	3.15886	8.9085	10.3497
2.94848	3.01209	4.90595	4.39755	9.90781	8.88869
4.65825	2.77003	3.8673	1.53412	32.5279	32.5963
1.69667	1.36628	1.68643	1.57358	2.48437	2.42649
4.83099	4.22044	2.01395	4.91567	8.35334	8.92754
1.05066	4.81778	1.31048	2.96563	2.23678	4.34548
4.11891	4.157	4.42815	1.26153	60.1018	58.4095
3.80475	3.1229	2.52148	2.94478	10.1739	10.1082
4.31789	1.18055	4.25774	4.65536	4.6621	2.97543
1.14037	4.65672	3.0924	4.27483	3.84151	4.41979
2.47515	3.01152	2.0563	3.12071	4.91158	4.13502
2.12165	1.74276	2.4727	1.64056	5.57303	3.2862
3.00049	3.53402	2.00157	4.38291	4.8425	3.85148
3.17781	2.44739	4.39025	2.53666	13.4604	11.7377
3.85262	1.00538	4.52447	3.56477	4.91611	4.42906
1.91103	2.34936	2.86546	3.65482	3.52001	3.56183
4.27084	1.89662	4.51742	1.81478	20.1632	15.693
1.51283	2.04242	1.14417	4.51689	0.782682	3.44561
3.88219	1.72011	3.75173	1.01314	24.7284	14.0421
3.5296	2.43793	2.55986	4.74457	4.64264	3.59897
4.7265	2.09427	1.51762	3.56299	4.21621	4.31393
3.24381	4.00574	4.91179	4.28247	14.9033	13.2137
3.22616	3.76669	1.40658	1.18954	14.3692	13.198
2.74579	3.21323	4.41826	1.3974	27.8959	25.8068
1.22054	1.01419	3.93531	4.15455	1.17253	2.32711
4.778	1.48173	4.74301	4.45957	7.5297	6.84141
1.33466	2.18988	1.20273	3.13002	1.12309	3.44948
3.89681	4.37705	2.62188	3.04816	14.6712	15.4483
4.59685	4.36106	4.20373	3.4038	24.7585	27.7186
1.47502	3.14612	4.47189	3.56007	5.82916	5.901
1.36547	3.62165	4.40728	2.50669	8.69475	10.8262
2.73724	3.59506	2.08808	4.25892	4.82466	3.87098
1.08459	3.04453	1.43322	3.10533	1.52401	3.48303
3.50027	3.83822	1.65875	2.74976	8.10433	10.0223
3.23687	1.41629	4.8757	2.36986	9.43173	8.98482
3.092	3.8477	1.29995	1.61067	9.60194	11.0786
2.80184	3.28939	1.97664	1.17652	15.4842	11.5444
2.93692	4.35181	3.78021	3.7737	12.803	11.7562
3.07939	3.08536	2.59054	4.25912	5.77885	4.02396
3.71749	2.0367	2.8868	3.73177	5.85704	4.32116
2.2915	3.1746	2.88026	2.46625	8.49577	8.36681
4.5793	4.40103	1.98572	1.1126	35.9692	33.7542
4.40771	4.09549	2.33274	1.49315	28.2021	28.5537
3.70613	1.10985	2.00463	4.58157	1.79972	2.33179
4.23166	3.31822	3.4703	1.8058	26.9844	26.3723
1.2325	4.92845	1.14294	4.28701	1.61945	3.56594
1.47803	4.01367	4.30121	1.37208	18.5967	21.2487
4.05215	4.91567	2.20441	3.8429	11.4262	12.5802
3.57582	2.57118	1.25155	2.55884	4.49694	4.81343
1.11158	1.97643	4.28811	4.01045	2.34907	2.53866
4.12193	2.23757	2.68587	1.27399	19.4445	14.366
3.63714	2.59278	1.97617	2.01777	9.23588	9.55693
1.69612	4.95634	3.9943	2.2376	15.0063	21.1473
4.76295	2.9499	1.74711	1.22812	19.9877	19.4584
4.84669	4.70409	2.0794	2.94246	16.112	23.168
4.09943	1.7682	4.24792	3.70591	8.30875	7.09651
4.01669	4.00856	3.70488	4.31824	13.8141	11.6909
2.97766	1.967	3.7599	1.10748	19.8848	10.3797
1.5002	1.0998	2.81045	3.20311	1.44766	2.33429
2.98972	1.99	2.80185	3.48023	4.78983	3.81756
3.71616	4.18168	3.35144	4.32139	12.0518	10.7092
2.0753	1.53867	4.77818	2.76757	5.51301	4.44309
2.64854	1.0429	1.16497	3.24491	0.99166	2.32623
1.02023	3.42134	4.74068	4.96868	3.33039	3.7343
4.33897	3.85804	2.76844	2.1646	21.4097	23.5295
3.51004	1.67334	3.56636	4.2296	4.95249	2.6975
4.87878	1.85222	1.12735	3.8058	2.6768	3.72427
3.14337	4.78777	2.80061	1.0338	40.7703	33.8024
2.23823	2.98011	2.69584	2.23949	8.02939	7.54923
4.54322	1.02428	3.31082	1.68407	9.14866	9.17902
