X0	X1	Y_true	Y_pred	
2.04994	4.74746	23.1012	15.2723
4.36359	2.69995	15.9047	15.272
1.77987	3.91019	13.6068	15.2722
3.42295	4.66504	37.2461	15.272
3.25255	4.82057	37.7911	15.272
3.1825	4.29461	29.3485	15.272
4.05354	4.41036	39.4234	15.272
4.14843	4.23161	37.142	15.272
3.93574	2.13472	8.96765	15.272
1.66125	2.41787	4.85592	15.272
1.8387	3.24007	9.65143	15.272
4.25157	1.11765	2.65539	15.272
4.72526	1.28536	3.90342	15.272
3.17089	2.59827	10.7034	15.272
2.27462	2.54225	7.35049	15.272
3.58067	4.94265	43.7375	15.272
2.05807	3.22649	10.7125	15.272
1.9579	2.79476	7.64628	15.272
4.68051	1.98565	9.22713	15.272
1.41049	3.25582	7.47587	15.2723
3.64147	1.6685	5.06875	15.272
4.28422	1.27694	3.4929	15.272
4.02217	3.43498	23.729	15.272
2.33437	3.38125	13.3443	15.272
2.77338	3.62735	18.2456	15.272
1.63748	3.12608	8.00103	15.272
2.51746	3.1583	12.5556	15.272
4.48299	4.36258	42.6604	15.272
1.8257	4.17178	15.887	15.2723
4.77152	2.35857	13.2716	15.272
1.79957	4.61326	19.1493	15.2726
2.35346	4.41169	22.9027	15.272
2.63596	1.32343	2.30839	15.272
2.90982	2.33385	7.92469	15.272
4.15826	2.32636	11.2521	15.272
1.6692	1.02562	0.877916	15.272
2.43486	3.0652	11.4383	15.272
1.59933	2.58394	5.33916	15.272
2.53313	1.53577	2.9873	15.272
3.45434	2.6097	11.763	15.272
3.22674	3.39921	18.642	15.272
1.17198	3.82705	8.5826	15.2728
2.31153	3.84629	17.0983	15.272
2.55271	4.44028	25.1648	15.272
3.54902	4.30936	32.9538	15.272
4.49233	4.42711	44.0232	15.272
1.11544	3.14172	5.50492	15.2726
4.66643	2.62386	16.0634	15.272
4.938	4.75256	55.7669	15.272
3.59911	4.92347	43.6222	15.272
4.71803	3.5515	29.7545	15.272
1.74824	1.54471	2.08577	15.272
3.61338	1.7655	5.63141	15.272
3.45062	3.01645	15.6986	15.272
3.56639	1.13937	2.31488	15.272
3.17968	3.20264	16.3068	15.272
1.00907	2.15323	2.33922	15.2722
3.58463	1.34145	3.22525	15.272
1.95509	3.46752	11.7537	15.272
1.13769	1.84419	1.93467	15.272
3.06381	1.49497	3.42371	15.272
3.615	3.48452	21.9464	15.272
2.01336	4.50183	20.4018	15.2722
3.32027	2.50782	10.4408	15.272
2.91814	4.48264	29.3187	15.272
4.06231	1.36969	3.81055	15.272
3.10599	4.2109	27.5373	15.272
2.58424	3.02344	11.8115	15.272
4.64437	1.94555	8.78982	15.272
3.85213	4.9237	46.6932	15.272
2.79277	2.84727	11.3204	15.272
4.69475	1.21197	3.44797	15.272
2.18844	4.63248	23.4818	15.2721
3.30102	2.235	8.24467	15.272
4.24389	2.27282	10.9613	15.272
1.17768	1.96655	2.27724	15.272
1.29311	4.22509	11.5419	15.2728
2.10325	3.01307	9.54724	15.272
4.01073	2.59784	13.5338	15.272
1.41659	4.36441	13.4916	15.2728
4.88471	1.00684	2.47587	15.272
4.52575	2.41986	13.2508	15.272
2.10732	3.41938	12.3196	15.272
3.77792	1.99876	7.54646	15.272
1.29105	1.50267	1.45761	15.272
1.96707	1.39858	1.92383	15.272
3.01052	4.97423	37.2447	15.272
2.82666	2.03642	5.86109	15.272
3.30866	2.75299	12.5381	15.272
4.3562	3.82784	31.9143	15.272
2.327	3.45019	13.8501	15.272
2.01256	3.16736	10.0952	15.272
1.08343	2.25489	2.75437	15.2721
1.19313	1.57557	1.48094	15.272
1.39498	2.34635	3.83994	15.272
3.0094	1.89368	5.39589	15.272
1.63225	1.47107	1.76614	15.272
2.39177	3.45225	14.2526	15.272
4.95946	1.53124	5.81424	15.272
4.5688	4.01238	36.777	15.272
2.13002	3.54551	13.3878	15.272
1.46323	4.38007	14.0361	15.2727
2.18209	1.72985	3.26482	15.272
1.05122	1.31391	0.907392	15.272
1.8103	2.9242	7.7399	15.272
4.978	2.73327	18.5947	15.272
1.14142	3.12912	5.58803	15.2726
2.14452	2.66852	7.63557	15.272
1.42334	2.26436	3.64897	15.272
4.40444	4.78757	50.4767	15.272
4.01958	2.85038	16.3289	15.272
4.36045	1.8701	7.62484	15.272
1.95032	4.45817	19.3815	15.2723
3.66229	2.10813	8.13804	15.272
4.65946	2.21094	11.3883	15.272
3.66754	2.21624	9.00698	15.272
3.56408	2.40507	10.308	15.272
4.2289	3.45675	25.2658	15.272
1.98502	2.75995	7.56024	15.272
2.75338	3.50856	16.947	15.272
2.79801	4.81652	32.4554	15.272
3.65644	3.41436	21.3131	15.272
3.82214	3.75183	26.9006	15.272
2.00964	4.71683	22.3557	15.2724
3.51068	3.87616	26.3733	15.272
1.45506	4.37855	13.948	15.2727
1.28495	4.3282	12.0357	15.2729
1.79022	2.84993	7.27016	15.272
3.02567	4.44365	29.8724	15.272
3.5058	1.03082	1.8626	15.272
3.82491	2.57171	12.6483	15.272
3.06976	1.70111	4.44162	15.272
2.31364	2.18424	5.51905	15.272
3.44226	1.91025	6.2805	15.272
2.32752	3.88514	17.5661	15.272
4.73497	1.53499	5.57823	15.272
4.57971	4.63041	49.096	15.272
2.00935	1.70981	2.93711	15.272
3.48216	3.09711	16.7006	15.272
2.28783	1.89252	4.09709	15.272
2.94786	4.58423	30.9749	15.272
2.7938	3.46837	16.8042	15.272
1.84193	2.06181	3.91508	15.272
1.60873	1.10702	0.985748	15.272
2.46385	4.08244	20.5316	15.272
2.19919	3.74952	15.4591	15.272
1.68212	2.93046	7.22267	15.272
4.32916	3.19996	22.1647	15.272
3.13969	4.58013	32.9316	15.272
1.22995	2.72976	4.58255	15.2722
4.94954	1.08142	2.89418	15.272
3.78422	2.17981	8.99052	15.272
4.21342	1.93705	7.90471	15.272
2.8603	2.45166	8.59612	15.272
2.98232	2.30701	7.93641	15.272
4.85972	2.5431	15.7148	15.272
2.18191	3.82674	15.9759	15.272
1.14548	4.98083	14.2089	15.2733
3.91161	1.88621	6.95837	15.272
2.63207	4.07588	21.863	15.272
2.20626	1.43067	2.25791	15.272
2.80913	3.17582	14.1662	15.272
2.60335	3.08783	12.411	15.272
1.08227	4.59221	11.4117	15.2733
1.11554	1.42915	1.13923	15.272
2.21439	2.5829	7.3865	15.272
1.1904	4.60273	12.6095	15.2732
4.09028	4.57857	42.8729	15.272
4.36567	3.83431	32.0919	15.272
1.46571	1.21795	1.08712	15.272
2.53297	4.1525	21.8384	15.272
4.42756	3.71946	30.6263	15.272
2.67232	1.89626	4.80458	15.272
1.18951	2.57853	3.95442	15.2722
2.89721	4.3423	27.3143	15.272
2.29885	4.92614	27.8929	15.2721
1.81217	2.03139	3.73899	15.272
1.53038	1.73725	2.30937	15.272
1.68413	4.74538	18.9621	15.2727
4.8165	4.81826	55.909	15.272
2.62809	4.23866	23.6085	15.272
1.29285	3.9475	10.0731	15.2727
3.48785	4.77333	39.7348	15.272
2.26041	3.57902	14.4772	15.272
3.43428	3.79207	24.6921	15.272
2.79861	1.16269	1.89164	15.272
2.72821	4.91244	32.9186	15.272
1.60604	2.35536	4.45492	15.272
2.72434	3.03457	12.5437	15.272
1.93783	1.39852	1.89506	15.272
3.71583	2.59713	12.5318	15.272
2.56432	2.28062	6.66882	15.272
3.38268	1.86244	5.86673	15.272
3.30077	2.3738	9.29979	15.272
1.82758	4.32231	17.0718	15.2724
2.36633	2.7294	8.81416	15.272
4.62743	2.04153	9.64319	15.272
2.23252	1.97737	4.36457	15.272
2.13452	2.73484	7.98241	15.272
3.18379	1.15955	2.1404	15.272
1.00898	3.12532	4.92765	15.2726
1.47702	2.81682	5.85969	15.272
2.45801	3.72192	17.025	15.272
1.89928	1.486	2.097	15.272
3.22921	1.17491	2.22883	15.272
3.90733	4.06151	32.2274	15.272
4.92151	2.05827	10.425	15.272
3.15089	1.46207	3.36773	15.272
3.96726	4.81356	45.9613	15.272
3.38855	4.76436	38.4587	15.272
3.18762	3.86791	23.8446	15.272
4.728	3.4319	27.843	15.272
1.423	1.14201	0.927927	15.272
2.97153	2.34665	8.18178	15.272
1.32676	2.26897	3.41524	15.272
2.50147	3.10588	12.0652	15.272
1.27982	3.34122	7.1438	15.2725
4.75225	1.22473	3.56409	15.272
1.88767	2.56112	6.19092	15.272
4.88397	4.64496	52.6873	15.272
1.00262	1.61183	1.3024	15.272
3.08447	1.30809	2.63891	15.272
3.37852	4.26759	30.7653	15.272
1.42975	1.09448	0.856335	15.272
1.00439	1.73275	1.5078	15.272
2.5726	4.68107	28.186	15.272
2.11933	4.87241	25.1569	15.2723
3.63012	1.54648	4.3409	15.272
3.26674	3.16011	16.3113	15.272
2.14562	1.30329	1.82225	15.272
3.57413	1.82288	5.9382	15.272
1.25765	4.8162	14.5861	15.2732
1.22787	3.56559	7.8052	15.2726
3.902	2.3866	11.1127	15.272
4.09894	2.53652	13.1862	15.272
1.23766	3.12553	6.04534	15.2725
3.18311	1.78277	5.05842	15.272
4.92658	2.85105	20.0228	15.272
1.24854	4.14083	10.704	15.2729
4.02017	4.31564	37.4373	15.272
4.76574	4.71812	53.0442	15.272
1.33946	2.72625	4.97771	15.2721
2.72577	2.57015	9.00279	15.272
4.2033	4.59901	44.4519	15.272
1.11565	3.24181	5.86238	15.2726
1.08909	4.94614	13.3219	15.2733
4.65025	4.46076	46.2662	15.272
1.13699	1.36568	1.06029	15.272
3.99238	3.3185	21.983	15.272
1.34267	2.30575	3.56914	15.272
