X0	X1	X2	Y_true	Y_pred	
4.33628	3.0443	4.57547	60.4005	71.8384
1.00631	1.04064	3.30067	3.45649	10.7828
1.0712	1.73994	2.06159	3.84244	10.7686
4.30679	1.50783	3.76943	24.4783	36.167
4.25724	3.0135	4.29139	55.0551	53.5967
2.58424	4.5449	2.24644	26.3847	14.8421
2.13434	3.29576	1.7885	12.5808	10.8467
4.50986	3.57854	1.94322	31.3611	29.7788
2.09199	4.05065	3.17233	26.882	18.4496
2.02089	3.20472	1.35559	8.77931	10.7844
1.70466	3.62995	4.12283	25.5114	27.1259
1.47939	3.73765	4.13008	22.8371	24.3615
2.24293	1.32299	4.09484	12.151	13.7076
2.5511	1.25744	4.03541	12.945	15.2605
3.93202	3.78397	3.93595	58.5617	45.072
2.6498	2.04699	2.65754	14.4148	11.2036
4.58709	4.5733	3.43223	72.0018	66.5302
4.37795	2.98966	4.46862	58.4879	67.9696
4.21589	1.13301	4.35306	20.7931	37.4153
4.8976	4.96959	3.56633	86.8011	80.6303
3.97344	4.22308	1.29281	21.6935	15.2281
1.51833	2.85504	4.52787	19.6278	23.6283
2.95942	3.19945	3.63197	34.3894	32.9271
2.10423	3.07411	1.08455	7.01556	10.7754
4.17442	3.68541	1.32681	20.4123	14.3911
2.96633	1.89947	4.09208	23.0566	29.4483
1.23377	4.46999	3.22692	17.7963	13.283
2.67034	4.43761	1.86686	22.1221	12.3268
4.90575	2.59302	1.60287	20.3897	18.6454
2.62658	1.80093	3.28408	15.5346	12.3209
2.17845	3.58646	1.79972	14.0611	10.9023
2.53894	4.92173	1.0992	13.7356	11.0655
2.92727	2.99059	1.15327	10.096	10.8229
3.63446	3.61709	3.16416	41.5965	35.828
3.07279	3.41248	1.14003	11.9541	10.9002
2.13558	4.39956	1.45171	13.6397	10.9183
1.50284	2.92327	3.51035	15.4217	11.8911
4.08054	4.63765	3.3516	63.4262	44.9025
3.31939	3.4016	3.5783	40.4034	36.0532
1.86602	4.61984	4.35683	37.5589	36.9386
1.29393	3.50078	1.30381	5.90595	10.7715
2.3157	1.1387	3.44238	9.07717	11.24
3.19579	3.18718	1.12466	11.4553	10.8898
3.15207	2.03719	3.96977	25.4913	31.3042
1.43459	4.69011	1.14487	7.70312	10.7885
2.14476	4.58683	4.37895	43.0785	38.5309
1.87509	4.29367	4.93463	39.7289	42.9845
3.34859	3.00375	2.04162	20.5353	12.2788
3.31397	3.73599	3.26724	40.4514	35.1176
2.11042	2.50014	4.62313	24.3932	31.7493
3.82229	3.01083	2.28285	26.2716	18.5775
1.92409	4.43342	3.10233	26.4638	18.2867
2.73173	4.6879	3.39295	43.4503	36.0493
2.60415	1.10751	4.08943	11.7944	15.4915
1.01279	4.0686	2.26519	9.33398	10.8364
1.13878	4.73155	4.01634	21.6408	27.1147
4.54652	1.45883	2.87731	19.084	26.7835
3.0994	2.52695	3.68277	28.8436	30.0208
4.31731	2.66762	4.60801	53.0701	64.1732
2.36594	3.03662	4.58988	32.9758	36.1915
2.35484	3.03573	3.18182	22.7457	14.3751
1.82392	3.54114	4.38993	28.3535	32.808
1.44218	2.0143	1.31026	3.80629	10.7676
4.37363	1.36912	2.84358	17.0274	21.7632
1.83907	3.55873	3.28552	21.503	13.9172
4.63585	1.20296	4.42387	24.6708	44.2324
4.4905	2.9867	3.38775	45.4358	41.7042
3.24694	1.7578	3.91938	22.3698	29.1941
1.54584	4.39213	3.13957	21.3163	14.3259
3.10702	1.79907	4.04903	22.6331	29.8553
4.95835	1.39653	1.59894	11.0718	12.522
2.14767	1.24879	1.60612	4.30762	10.7698
4.78995	1.45325	2.41926	16.8404	21.051
1.59297	2.97551	4.89333	23.1939	32.9972
2.39572	4.70969	1.75067	19.7529	11.6776
1.85323	4.76103	2.80936	24.7877	15.6066
4.99042	3.88269	1.29018	24.9988	27.9267
1.89162	1.35267	4.71237	12.0577	17.7416
4.75232	2.2939	2.172	23.6778	24.6372
3.57344	4.28046	2.30232	35.2163	28.747
2.06373	3.8324	4.08922	32.3417	33.4591
1.9154	3.77524	2.17104	15.699	11.0294
4.43218	4.0741	1.22117	22.0508	18.6474
1.42859	3.01169	2.75386	11.8484	10.9126
2.6102	1.29847	4.20838	14.2633	18.9041
3.37883	2.18749	4.48917	33.1802	37.3722
4.35305	2.40311	3.9594	41.4187	44.0556
2.77005	1.1887	3.04088	10.0129	11.2442
3.20056	3.45287	3.77553	41.7238	36.6442
1.27794	3.61765	3.40816	15.7564	12.1372
4.81063	4.01899	2.4094	46.5831	37.9013
1.60224	4.83583	2.70018	20.9214	13.1035
1.09796	1.76745	2.88408	5.59683	10.7847
3.60222	2.88546	2.59228	26.9443	19.7111
4.46875	1.27132	4.5937	26.0977	44.2789
1.82228	3.02937	3.20483	17.6918	11.9408
4.21343	4.2605	3.84721	69.0623	63.5306
4.08532	3.90877	2.22797	35.5775	31.5749
3.31007	3.74178	1.94723	24.1175	13.7823
1.53362	3.83656	4.72266	27.7873	35.3075
1.08269	1.8396	3.69232	7.35402	10.9271
2.19141	1.93863	4.24637	18.04	19.3671
4.75638	3.7196	2.51534	44.501	37.2709
4.79283	3.65403	2.54413	44.5556	37.3815
4.21882	1.30126	4.87246	26.7488	44.3258
3.66103	3.9918	4.35202	63.6007	58.1082
3.22984	1.87891	2.79798	16.9797	12.5773
2.05716	4.50716	1.10585	10.2533	10.8263
4.52771	4.77111	1.74955	37.7941	35.3924
4.39912	2.00884	3.69755	32.6759	37.2227
4.67254	1.31168	3.39201	20.7893	35.004
2.75597	1.33611	2.51835	9.27322	10.9096
1.02922	1.33025	2.55679	3.50057	10.7703
1.96764	3.94088	4.8264	37.425	37.9804
4.76522	3.07378	1.20921	17.7116	14.936
4.58825	3.13614	1.1612	16.7089	13.4913
1.90093	2.38509	4.8606	22.0374	31.7893
1.83059	1.41158	2.89998	7.49362	10.8237
3.31735	3.65014	2.5747	31.1765	22.7905
3.23618	1.87817	2.28104	13.8644	11.2317
1.48449	4.96554	4.49034	33.0997	36.9279
4.17682	1.27906	4.43737	23.7062	38.8599
1.28795	2.04204	1.85313	4.87383	10.7694
1.72839	4.15665	3.81658	27.4196	26.9008
1.22248	2.75404	4.85447	16.3439	24.2417
3.09499	4.06161	3.27885	41.2172	35.1164
4.25288	3.82727	4.39251	71.4966	76.1469
2.00548	3.04522	3.12654	19.0942	12.2295
1.52059	3.94317	4.49812	26.9706	33.6275
4.65397	2.69074	4.22697	52.9329	59.2959
3.05907	2.62228	3.32805	26.6967	22.7755
3.6901	4.0745	3.94836	59.3649	44.6677
2.44815	1.46967	1.67755	6.03577	10.7764
4.24639	3.04848	3.97326	51.4339	44.4054
1.10766	2.361	4.76887	12.4715	16.6813
4.23789	3.24721	3.07006	42.248	36.8348
1.20337	3.16859	3.95605	15.0843	13.4307
1.19323	4.97931	1.38364	8.22084	10.8025
1.62023	4.72524	4.72826	36.1994	38.2882
2.94102	3.47304	3.32498	33.9622	30.134
2.31789	3.79299	2.71583	23.8769	13.5439
1.34826	2.028	1.89908	5.19258	10.7701
3.24648	1.53187	3.48233	17.3182	17.6231
4.69177	3.17919	3.6197	53.9917	45.0687
4.72897	1.53448	4.73585	34.3658	57.2515
3.31205	1.64765	1.33293	7.27392	10.7996
2.5278	2.37666	4.08295	24.5292	26.8868
3.33542	1.25293	1.80289	7.53433	10.8358
4.62846	2.29122	4.59118	48.6886	66.395
1.2857	4.88545	2.97691	18.6987	13.3577
2.99303	3.62498	1.8471	20.0404	11.7415
4.9864	4.5198	3.87834	87.4081	81.7469
1.53513	3.28658	4.42373	22.3192	26.6825
3.96534	3.24723	4.74876	61.1468	70.8108
1.62519	3.10419	2.45208	12.3705	10.882
2.45814	1.14362	3.4814	9.78679	11.4904
3.77602	2.77284	3.37759	35.3643	35.041
1.18054	2.40678	1.00309	2.85009	10.7673
1.63709	3.12211	1.28337	6.5595	10.7724
3.1562	4.16919	3.46878	45.6449	36.7659
1.9062	3.44911	1.15298	7.58049	10.778
1.50278	2.20153	3.45271	11.423	11.1207
3.36403	3.57769	1.41808	17.0673	11.4306
3.31721	3.78064	1.23353	15.4699	11.2535
2.78057	1.15748	2.50201	8.05261	10.8796
3.74232	3.61548	1.28216	17.348	11.8931
3.30651	1.5782	1.19043	6.21205	10.787
2.48895	4.06918	3.51499	35.5998	32.1955
2.61524	2.39736	2.66958	16.7374	11.4464
2.98486	1.71373	3.61957	18.5149	17.8648
1.98075	3.6063	3.75456	26.8196	23.7596
3.12978	3.93853	4.62235	56.9785	47.5586
4.98685	4.04043	3.56037	71.7381	73.3854
2.17587	4.70382	2.45396	25.1161	14.3514
1.57366	4.39857	4.82742	33.4148	37.3403
4.15609	1.4852	4.68872	28.9417	44.2463
3.80726	1.26518	3.55227	17.1108	25.8429
4.75767	3.6961	3.7388	65.7462	66.0039
4.42275	4.10532	4.06724	73.8482	75.2773
2.9788	4.72139	2.00737	28.2318	17.2079
2.09668	4.73437	4.91301	48.7687	44.5478
2.22478	4.97504	3.75602	41.573	36.4996
1.75597	3.00021	4.40211	23.1916	26.9507
1.04935	4.77778	2.003	10.0422	10.8674
4.58629	4.48376	4.41249	90.7379	82.6077
2.32174	1.791	1.81386	7.54248	10.783
3.60925	3.74403	3.25247	43.9511	36.5201
4.38124	4.97393	1.79479	39.112	35.5981
3.15765	1.57003	4.83263	23.9584	36.7753
4.30477	1.97686	3.61303	30.7467	36.5782
1.90516	3.76623	4.85918	34.866	37.2413
1.61354	1.56946	1.04451	2.6451	10.7673
2.62501	4.29172	3.07738	34.6691	28.5594
3.01272	4.91871	4.95558	73.4352	78.0681
4.3524	1.84147	2.84402	22.7943	26.9048
3.62498	4.29245	1.28663	20.02	13.0244
3.73602	3.13379	3.92852	45.9948	41.3972
1.70858	1.29266	4.66608	10.3055	14.6884
2.651	2.93956	4.35568	33.9429	35.9293
2.95816	3.68328	2.37895	25.9204	14.7628
3.89008	4.3509	2.29664	38.8715	33.471
1.87978	1.67604	2.20897	6.95954	10.7816
1.47585	3.19416	2.69562	12.7074	10.9454
4.22812	2.67243	3.23121	36.5106	36.202
4.03681	2.48014	4.78641	47.9209	55.4488
4.15984	2.31992	4.41028	42.5615	44.362
1.9816	3.8753	2.62619	20.1673	11.9332
1.26514	1.47816	1.44142	2.69557	10.7673
3.47119	4.26919	1.52286	22.5675	13.6759
3.62171	1.88284	1.97216	13.4484	11.2503
2.45713	1.1399	3.51367	9.84139	11.5493
1.39305	3.89458	2.73409	14.8334	11.2012
2.30581	1.67446	3.03714	11.7263	11.1
4.12563	4.80646	1.66377	32.992	30.5772
4.32664	4.53058	2.32035	45.4838	36.8243
3.78286	3.57767	4.29693	58.1539	48.7495
3.24111	3.63934	4.70289	55.473	48.1972
1.26376	1.08124	4.53651	6.19879	11.5446
2.60127	1.34138	3.72078	12.9829	13.2383
3.15334	2.69649	3.83786	32.6332	34.1359
3.54989	1.11679	3.11264	12.34	13.6975
3.41505	4.92617	2.51936	42.3836	34.7866
4.9645	2.11421	2.71289	28.4744	34.8772
1.52271	2.77857	2.88577	12.2096	10.9508
3.75041	4.9468	1.6238	30.1256	24.8107
1.79663	1.9961	1.61072	5.77643	10.7708
4.1085	2.89576	2.50448	29.7963	27.1197
3.98412	3.62173	4.80883	69.3885	77.7804
1.43123	1.05172	2.03597	3.06465	10.7683
4.23569	2.28255	4.24331	41.0251	44.2728
3.04166	2.2796	3.94602	27.3607	31.4863
3.13313	2.96115	3.21388	29.8173	25.5956
1.60231	3.88696	4.57491	28.4931	34.7896
2.66705	2.00959	4.4926	24.0788	32.8387
2.03174	1.51794	1.28233	3.95478	10.7682
1.48859	1.23116	3.86444	7.08235	11.0323
2.40841	1.27155	3.02812	9.27336	11.0003
4.27732	1.99614	4.58671	39.1619	45.09
2.63977	1.89503	4.04143	20.2169	22.3935
2.07035	2.96398	3.15937	19.3874	12.4124
4.95535	2.16303	4.36376	46.7732	65.3249
3.57418	2.78978	4.86434	48.5032	47.9423
1.39561	3.39939	2.78925	13.2328	11.0213
1.04046	4.24677	1.76617	7.80397	10.7922
2.38821	4.52747	2.55801	27.6586	16.5632
1.48173	4.58621	4.69354	31.8951	36.9348
4.03864	4.34751	2.42163	42.5191	35.6839
1.5758	4.64792	2.45098	17.9515	11.6415
1.11143	4.68131	2.93255	15.2578	11.9451
1.80244	3.58559	4.69826	30.364	35.773
