X0	X1	X2	X3	Y_true	Y_pred	
7.10806	1.86054	8.18729	1.6355	4.17437	3.41631
7.68639	1.63372	7.4614	1.26251	5.76365	5.23557
7.3983	1.28541	3.56364	1.24497	6.21648	5.36405
5.67485	1.82222	4.69239	1.95447	2.29336	2.30236
7.90032	1.91445	6.94031	1.16049	5.90783	5.08682
5.95928	1.75621	14.5908	1.04936	4.14653	4.42809
6.4823	1.89619	13.9754	1.94603	2.81832	2.58423
5.40457	1.78302	15.4216	1.72901	2.33739	2.43826
8.02938	1.00083	3.44022	1.12123	7.21948	6.82014
9.08533	1.06737	3.59338	1.88136	7.41175	6.57519
6.45356	1.88307	3.02889	1.25297	5.22707	2.86246
8.86345	1.60197	7.13661	1.47328	6.6736	6.29982
6.70102	1.43844	16.1174	1.91863	3.95697	4.35622
6.68349	1.65709	13.187	1.95734	3.46748	3.11838
8.44804	1.97626	15.951	1.26514	5.99398	6.17741
8.97831	1.48274	12.4796	1.51439	6.78089	6.82198
7.62214	1.3073	12.1888	1.97435	5.07032	5.0267
7.91193	1.17793	5.66198	1.36075	6.4502	6.26635
6.50413	1.18217	3.14404	1.82604	4.68956	3.42968
6.11212	1.06727	15.4009	1.18977	4.85398	5.56475
7.3623	1.34688	18.6308	1.4639	5.40475	6.19753
8.28269	1.73779	9.85165	1.4048	5.93451	5.60835
6.90166	1.54596	12.0114	1.9356	3.94209	3.72909
5.05804	1.77843	12.9984	1.37887	2.63055	2.46785
9.60512	1.93076	16.5124	1.48383	6.78675	6.86374
9.43059	1.82167	16.9048	1.52083	6.69913	6.86594
9.40476	1.18473	7.90761	1.07681	8.22183	7.03953
5.21377	1.62209	7.11076	1.5429	2.78447	2.39114
8.75835	1.76484	7.06271	1.23938	6.78633	6.27731
5.18448	1.90098	10.9316	1.67232	2.03646	2.32247
6.42059	1.23167	12.2001	1.9287	4.06584	4.0296
5.60541	1.46874	7.22703	1.2623	3.83137	3.19951
9.18123	1.38056	10.9532	1.3701	7.34833	6.96924
9.11186	1.22161	11.388	1.06185	7.86005	7.0373
9.25136	1.68499	6.45316	1.94439	6.18981	5.42283
5.91049	1.98778	5.6003	1.73369	2.63591	2.32502
6.649	1.55482	18.4134	1.07498	4.99545	5.57817
5.05993	1.44134	18.422	1.32007	3.16698	3.64456
5.26397	1.23932	5.03475	1.13136	3.98445	3.46582
7.81295	1.27817	18.2627	1.72703	5.61928	6.30795
7.46654	1.07227	4.28756	1.72867	5.79715	5.09963
5.84782	1.00359	9.04307	1.26308	4.60867	4.94505
5.67696	1.17311	14.3579	1.85102	3.51727	3.46129
5.11666	1.35164	12.4016	1.73679	2.78575	2.56238
7.65097	1.55595	9.88341	1.44011	5.47855	5.22927
9.67546	1.3045	16.3998	1.08687	8.28389	7.05121
6.25722	1.37947	15.5139	1.92349	3.61815	3.69138
8.18493	1.80909	4.35433	1.71695	5.58353	4.61723
7.66566	1.76297	17.5317	1.84371	4.43775	4.9186
7.85885	1.3971	10.2892	1.64381	5.61428	5.43086
5.70459	1.65584	7.33154	1.41329	3.45365	2.65856
5.22313	1.54936	3.60601	1.69661	2.87321	2.33336
6.77427	1.28784	3.14971	1.19839	5.73196	4.95535
7.36372	1.30877	18.6543	1.88811	4.90469	5.31761
8.77391	1.25791	19.0566	1.56425	6.8211	6.98692
6.83934	1.31675	5.34781	1.09729	5.56585	5.15986
9.30203	1.03459	5.21881	1.75984	7.6328	6.89645
9.97336	1.88954	3.5685	1.69512	7.98104	6.14311
9.91232	1.22143	13.7785	1.52881	8.07678	7.04213
9.68457	1.55915	7.27251	1.33808	7.77919	6.95543
7.97004	1.54586	11.8636	1.44834	5.78039	5.81226
8.00937	1.50168	14.5674	1.96129	5.09127	5.15571
8.56986	1.36539	5.96186	1.53309	6.65344	6.27327
8.79222	1.70218	18.6122	1.49644	6.27129	6.77058
9.20746	1.38763	4.28191	1.40682	7.66919	6.80877
7.09697	1.91497	10.5199	1.61275	4.07672	3.58887
6.27366	1.87432	16.0502	1.52679	3.43546	3.32548
7.42871	1.13664	5.6752	1.65872	5.65799	5.14418
8.63075	1.59722	13.6184	1.54274	6.20952	6.46634
8.04658	1.38038	11.5641	1.63881	5.82606	5.874
5.07574	1.31171	17.0796	1.9418	2.53616	2.58333
8.7417	1.97602	9.85077	1.98939	4.91043	4.78603
5.2146	1.52457	13.3437	1.99905	2.18119	2.36756
9.34607	1.72528	7.05788	1.29727	7.33029	6.75018
6.23024	1.85407	14.097	1.41239	3.64322	3.39912
7.14227	1.1925	8.63553	1.09422	5.89388	6.14821
7.59319	1.85501	7.32735	1.43253	5.10204	4.67411
6.16832	1.36001	18.2158	1.25621	4.47234	5.1339
8.64115	1.59403	6.90936	1.23631	6.85536	6.5002
5.16946	1.90909	11.4785	1.63129	2.08422	2.32977
9.06169	1.88597	16.05	1.85743	5.59741	5.84284
7.7939	1.15813	19.0607	1.78679	5.73516	6.48851
7.92109	1.08799	12.3893	1.95129	5.82059	5.82398
8.62737	1.1697	14.6645	1.68656	6.67586	6.87231
7.81364	1.32407	11.1521	1.03857	6.48436	6.76956
5.95141	1.46274	17.2112	1.19425	4.2198	4.92006
5.31672	1.26324	18.5196	1.90928	2.91162	3.00807
6.1812	1.4299	15.167	1.09088	4.64203	5.08829
9.50751	1.61379	11.1737	1.2395	7.58676	6.98568
8.32121	1.77989	9.88465	1.95537	4.92131	4.8096
8.79895	1.91398	11.9946	1.26594	6.45872	6.36982
6.98039	1.59925	15.7993	1.35416	4.83961	5.1188
9.8215	1.36678	17.6865	1.36635	7.97787	7.04663
8.79785	1.25189	6.23473	1.16986	7.48577	6.94312
5.69125	1.63423	8.71506	1.10095	3.96234	3.44364
5.73971	1.67886	19.7899	1.03968	4.0087	4.81557
8.97487	1.55317	18.4809	1.23151	7.0872	7.00477
9.44021	1.77694	14.8414	1.77609	6.32973	6.58569
9.3424	1.82271	14.3547	1.42391	6.80208	6.821
9.63748	1.65981	8.74564	1.03561	8.06514	7.00849
7.79772	1.64673	10.455	1.79714	4.89946	4.8548
6.8431	1.61124	10.4241	1.42538	4.60176	4.65883
5.28733	1.15276	17.1862	1.81518	3.20208	3.35527
6.76628	1.68858	11.9056	1.01778	5.09924	5.05855
6.30102	1.30872	15.2193	1.40882	4.47383	4.98192
6.50083	1.1486	17.0367	1.12358	5.22217	6.2077
7.28564	1.28092	3.96382	1.03263	6.301	5.75536
9.85955	1.8935	7.24837	1.74472	6.79175	6.23914
8.40416	1.96781	3.16797	1.15782	7.81664	5.16033
7.42787	1.40264	3.35775	1.95741	5.15352	3.90459
6.71786	1.21173	14.4069	1.40719	5.03055	5.38919
6.60159	1.51038	7.4012	1.38443	4.60755	4.39341
8.548	1.02529	18.9331	1.6753	6.84037	6.99045
7.5444	1.06697	11.6941	1.32908	6.15197	6.62651
9.96725	1.48492	8.87852	1.5733	7.74005	6.97824
8.01769	1.11804	14.5486	1.02695	6.8899	7.00069
9.35904	1.74416	12.5174	1.44599	6.90436	6.81672
9.85276	1.53388	12.9285	1.08035	8.25393	7.04334
8.81527	1.38967	3.11323	1.45154	7.59696	6.40542
5.06101	1.97466	11.0004	1.3848	2.36492	2.34732
9.28253	1.08656	14.1251	1.92419	7.21316	6.96081
9.92974	1.07338	5.2418	1.15943	8.87326	7.04799
7.65662	1.93185	6.71488	1.35789	5.25558	4.66966
8.94794	1.38246	19.5731	1.3656	7.07773	7.01789
7.34287	1.53523	16.7431	1.60853	4.89402	5.20274
8.85641	1.48272	19.3973	1.06454	7.29935	7.03112
9.8742	1.92912	11.4411	1.30908	7.45558	6.91931
5.48527	1.76615	14.6955	1.88897	2.16476	2.38414
6.21521	1.54298	4.62097	1.27718	4.50299	3.56823
6.71507	1.47536	10.0766	1.01393	5.27601	5.22221
6.08878	1.11473	6.7512	1.91236	4.0121	3.19561
8.19767	1.15609	17.5678	1.74147	6.19782	6.75548
7.08835	1.95847	11.255	1.02126	5.16707	4.91945
8.404	1.31237	17.3935	1.81949	6.03336	6.58917
6.85149	1.91234	7.49396	1.74955	3.6258	2.69926
9.35477	1.58835	12.3276	1.10315	7.66648	7.01005
7.9135	1.33198	9.81532	1.41688	6.08249	6.16958
8.81314	1.33616	9.78243	1.12339	7.38129	6.97907
5.01939	1.36839	3.59532	1.84982	2.69061	2.32274
7.51559	1.88677	5.24238	1.46665	5.08941	4.16066
9.26817	1.33657	11.4243	1.51342	7.29548	6.96208
8.22515	1.17225	3.96474	1.67653	6.55282	5.77816
7.23112	1.33646	10.642	1.52124	5.23953	5.17146
6.75912	1.76868	4.06689	1.19055	5.16771	3.93744
8.84611	1.04574	4.82633	1.9244	6.99998	6.41399
7.61666	1.58638	17.6312	1.73033	4.89154	5.22526
8.58905	1.24903	10.0027	1.38672	6.91108	6.86275
8.59505	1.0051	9.04406	1.28749	7.3465	6.99081
6.64001	1.11769	7.17105	1.55869	4.95847	4.88893
9.76553	1.13007	5.05594	1.74775	7.99266	6.96135
8.69588	1.68306	7.94612	1.78304	5.82713	5.26258
8.91255	1.227	17.9513	1.56463	7.00913	7.00004
9.55545	1.9362	10.3422	1.06499	7.62829	6.9226
6.92676	1.65431	13.1146	1.19672	4.98685	5.06192
9.99243	1.00748	10.0408	1.14364	8.88508	7.05321
5.65804	1.24289	7.77382	1.27191	4.13032	4.08598
9.7443	1.45944	4.53844	1.34616	8.21606	6.96084
9.47702	1.4348	19.8977	1.9359	6.71687	6.94852
6.71316	1.31655	9.52673	1.83159	4.34346	4.18373
8.3247	1.0761	3.55873	1.9211	6.56472	5.53933
8.74386	1.30766	14.9022	1.11137	7.3188	7.01995
9.29009	1.61311	9.12562	1.34516	7.23411	6.85787
5.93548	1.02917	12.0211	1.52069	4.38653	4.83409
7.207	1.03517	5.76368	1.09261	6.1764	6.33432
7.84123	1.13792	8.47124	1.13257	6.61239	6.78002
5.82358	1.48165	14.879	1.6181	3.44323	3.44285
6.42723	1.86193	7.87071	1.19922	4.3169	3.52057
8.75486	1.03821	4.14702	1.10499	7.85788	6.99502
8.72489	1.068	8.3553	1.00047	7.71971	7.02831
9.96745	1.35736	9.66793	1.34511	8.2231	7.03557
8.4337	1.74183	9.40712	1.58421	5.77413	5.35072
6.42556	1.1987	16.4495	1.78668	4.29529	4.85405
5.93222	1.99983	10.9302	1.07199	3.85346	3.0673
5.05043	1.38156	18.9745	1.13176	3.49611	4.46752
6.7439	1.71287	13.4828	1.48452	4.23542	4.44948
8.07654	1.08903	16.8726	1.42299	6.54051	6.93912
5.82817	1.32566	18.0232	1.13436	4.33614	5.08738
9.18966	1.30859	18.8971	1.19916	7.63878	7.04417
9.42032	1.83928	6.62242	1.31477	7.28885	6.61104
5.49268	1.952	8.48715	1.09332	3.45103	2.57364
8.77765	1.38486	17.7302	1.04441	7.35375	7.03206
5.83882	1.49737	4.54113	1.64946	3.56855	2.55068
9.74302	1.04586	12.7874	1.17723	8.54041	7.05225
6.21703	1.4648	16.7015	1.27472	4.36666	4.96172
8.63603	1.90186	10.539	1.44787	5.98056	5.61678
5.03888	1.58959	7.49163	1.42657	2.83578	2.42014
7.5745	1.96391	9.73296	1.08956	5.54884	5.04091
9.62061	1.08557	19.3354	1.3826	8.13253	7.05187
9.15265	1.21919	9.81015	1.88196	6.91179	6.74363
7.80497	1.96735	7.63671	1.48708	5.04982	4.58018
7.34792	1.43205	19.4182	1.39564	5.36391	6.19647
5.97082	1.86657	16.8705	1.40802	3.36329	3.30451
5.2306	1.82955	16.3192	1.37497	2.73226	2.62616
5.19471	1.77844	8.28887	1.96439	1.74172	2.29741
7.99098	1.42513	10.3329	1.46233	5.96398	5.97463
7.70235	1.28076	12.0605	1.11507	6.30989	6.72014
7.0194	1.62844	10.507	1.51991	4.59989	4.63868
5.54665	1.96846	4.18272	1.84185	2.17723	2.29366
9.53147	1.19341	16.458	1.40407	7.87658	7.04455
6.44906	1.29281	17.8704	1.81656	4.11137	4.7763
5.64506	1.21332	8.52293	1.84809	3.43774	2.7636
9.92632	1.42451	19.7866	1.93355	7.19062	7.01074
5.09287	1.77784	6.25195	1.85121	1.8793	2.29555
8.54967	1.87634	3.85404	1.84065	5.83408	4.58655
8.51557	1.66732	11.8713	1.29504	6.41997	6.5109
8.76053	1.56437	5.89498	1.25712	7.04659	6.55465
6.86372	1.80074	12.5272	1.06898	4.9906	4.9724
5.75703	1.19453	6.3523	1.09016	4.53572	4.67344
9.63684	1.74098	6.68234	1.44676	7.37266	6.73141
7.80666	1.21537	14.0007	1.8014	5.63858	5.85793
9.25196	1.86291	7.88479	1.44277	6.75547	6.28209
8.10471	1.54035	17.8926	1.88325	5.22324	5.59814
8.24443	1.92348	18.8826	1.11568	6.13033	6.58285
9.49222	1.75258	5.27805	1.87421	6.58091	5.60093
8.73882	1.1458	12.215	1.66302	6.86359	6.87553
9.2698	1.79891	10.0682	1.36935	6.91778	6.68191
8.84313	1.31964	19.277	1.28029	7.17043	7.02704
5.16041	1.33344	14.8651	1.45672	3.23099	3.30715
5.58125	1.23454	19.4634	1.83533	3.32216	3.82351
9.43897	1.01708	5.49139	1.31687	8.24221	7.02994
7.93872	1.29178	9.14175	1.79197	5.68089	5.35846
8.9754	1.58904	3.16549	1.26012	8.06246	6.50985
7.17123	1.21026	11.1858	1.76516	5.06465	5.04404
9.21219	1.45096	4.59392	1.3498	7.64501	6.81079
9.64287	1.84619	13.1573	1.01752	7.84191	7.00955
5.06955	1.11056	18.3202	1.4118	3.50812	4.48018
6.63139	1.85669	18.6781	1.13579	4.54509	4.98122
7.04826	1.53706	9.84909	1.78541	4.35736	4.19348
5.15837	1.27656	15.1489	1.03092	3.85606	4.7024
7.19231	1.09485	13.7129	1.39816	5.67966	6.27234
8.4792	1.87562	19.3746	1.56777	5.56481	6.1284
6.12008	1.48241	17.9978	1.51094	3.89349	4.62548
5.29291	1.5416	18.7654	1.69274	2.69248	2.82589
9.6822	1.39151	4.02473	1.15406	8.60711	7.00835
8.31603	1.49127	15.1098	1.00016	6.85802	6.95029
6.01102	1.33569	11.8332	1.92785	3.45811	3.0055
8.27633	1.46908	13.8491	1.41848	6.22762	6.58563
9.488	1.57274	14.6767	1.75837	6.76148	6.85028
9.31407	1.01051	4.55094	1.68079	7.8106	6.93431
7.755	1.79802	16.0519	1.88422	4.3948	4.81238
6.14549	1.58593	10.8474	1.02144	4.57472	4.75573
7.06996	1.99648	5.63836	1.53906	4.27419	2.95651
8.24165	1.28687	19.0903	1.52587	6.29236	6.87598
7.94487	1.29992	9.56222	1.71479	5.76934	5.55174
9.63887	1.07814	3.50285	1.07464	8.91294	7.04246
8.03792	1.10958	13.2471	1.55028	6.34004	6.7184
7.29973	1.97357	12.8635	1.54902	4.29345	4.26146
8.22289	1.752	15.6188	1.0746	6.38045	6.68119
5.66794	1.47236	11.6235	1.84667	2.97292	2.59334
9.04104	1.91917	19.9009	1.97038	5.28417	5.86218
